(0.09811111111111111, 0.106, 0.087)
(0.11444444444444445, 0.09, 0.117)
(0.11444444444444445, 0.09, 0.117)
(0.11444444444444445, 0.09, 0.117)
(0.11444444444444445, 0.09, 0.117)
(0.11444444444444445, 0.09, 0.117)
(0.11444444444444445, 0.09, 0.117)
(0.11444444444444445, 0.09, 0.117)
(0.11444444444444445, 0.09, 0.117)
(0.11444444444444445, 0.09, 0.117)
(0.11444444444444445, 0.09, 0.117)
(0.11444444444444445, 0.09, 0.117)
(0.11444444444444445, 0.09, 0.117)
(0.11444444444444445, 0.09, 0.117)
(0.11444444444444445, 0.09, 0.117)
(0.11444444444444445, 0.09, 0.117)
(0.11444444444444445, 0.09, 0.117)
(0.11444444444444445, 0.09, 0.117)
(0.11444444444444445, 0.09, 0.117)
(0.11444444444444445, 0.09, 0.117)
(0.11444444444444445, 0.09, 0.117)
(0.11444444444444445, 0.09, 0.117)
(0.11444444444444445, 0.09, 0.117)
(0.11444444444444445, 0.09, 0.117)
(0.11444444444444445, 0.09, 0.117)
(0.11444444444444445, 0.09, 0.117)
(0.11444444444444445, 0.09, 0.117)
(0.11444444444444445, 0.09, 0.117)
(0.11444444444444445, 0.09, 0.117)
(0.11444444444444445, 0.09, 0.117)
(0.11444444444444445, 0.09, 0.117)
(0.11444444444444445, 0.09, 0.117)
(0.11444444444444445, 0.09, 0.117)
(0.11444444444444445, 0.09, 0.117)
(0.11444444444444445, 0.09, 0.117)
(0.11444444444444445, 0.09, 0.117)
(0.11444444444444445, 0.09, 0.117)
(0.11444444444444445, 0.09, 0.117)
(0.11444444444444445, 0.09, 0.117)
(0.11444444444444445, 0.09, 0.117)
(0.11444444444444445, 0.09, 0.117)
(0.11444444444444445, 0.09, 0.117)
(0.11444444444444445, 0.09, 0.117)
(0.11444444444444445, 0.09, 0.117)
(0.11444444444444445, 0.09, 0.117)
(0.11444444444444445, 0.09, 0.117)
(0.11444444444444445, 0.09, 0.117)
(0.11444444444444445, 0.09, 0.117)
(0.11444444444444445, 0.09, 0.117)
(0.11444444444444445, 0.09, 0.117)
(0.11444444444444445, 0.09, 0.117)
(0.11444444444444445, 0.09, 0.117)
(0.11444444444444445, 0.09, 0.117)
(0.11444444444444445, 0.09, 0.117)
(0.11444444444444445, 0.09, 0.117)
(0.11444444444444445, 0.09, 0.117)
(0.11444444444444445, 0.09, 0.117)
(0.11444444444444445, 0.09, 0.117)
(0.11444444444444445, 0.09, 0.117)
(0.11444444444444445, 0.09, 0.117)
(0.11444444444444445, 0.09, 0.117)
(0.11444444444444445, 0.09, 0.117)
(0.11444444444444445, 0.09, 0.117)
(0.11444444444444445, 0.09, 0.117)
(0.11444444444444445, 0.09, 0.117)
(0.11444444444444445, 0.09, 0.117)
(0.11444444444444445, 0.09, 0.117)
(0.11444444444444445, 0.09, 0.117)
(0.11444444444444445, 0.09, 0.117)
(0.11444444444444445, 0.09, 0.117)
(0.11444444444444445, 0.09, 0.117)
(0.11444444444444445, 0.09, 0.117)
(0.11444444444444445, 0.09, 0.117)
(0.11444444444444445, 0.09, 0.117)
(0.11444444444444445, 0.09, 0.117)
(0.11444444444444445, 0.09, 0.117)
(0.11444444444444445, 0.09, 0.117)
(0.11444444444444445, 0.09, 0.117)
(0.11444444444444445, 0.09, 0.117)
(0.11444444444444445, 0.09, 0.117)
(0.11444444444444445, 0.09, 0.117)
(0.11444444444444445, 0.09, 0.117)
(0.11444444444444445, 0.09, 0.117)
(0.11444444444444445, 0.09, 0.117)
(0.11444444444444445, 0.09, 0.117)
(0.11444444444444445, 0.09, 0.117)
(0.11444444444444445, 0.09, 0.117)
(0.11444444444444445, 0.09, 0.117)
(0.11444444444444445, 0.09, 0.117)
(0.11444444444444445, 0.09, 0.117)
(0.11444444444444445, 0.09, 0.117)
(0.11444444444444445, 0.09, 0.117)
(0.11444444444444445, 0.09, 0.117)
(0.11444444444444445, 0.09, 0.117)
(0.11444444444444445, 0.09, 0.117)
(0.11444444444444445, 0.09, 0.117)
(0.11444444444444445, 0.09, 0.117)
(0.11444444444444445, 0.09, 0.117)
(0.11444444444444445, 0.09, 0.117)
(0.11444444444444445, 0.09, 0.117)
(0.11444444444444445, 0.09, 0.117)
