(0.10055555555555555, 0.103, 0.094)
(0.11444444444444445, 0.09, 0.117)
(0.11444444444444445, 0.09, 0.117)
(0.11444444444444445, 0.09, 0.117)
(0.11444444444444445, 0.09, 0.117)
(0.11444444444444445, 0.09, 0.117)
(0.11444444444444445, 0.09, 0.117)
(0.11444444444444445, 0.09, 0.117)
(0.11444444444444445, 0.09, 0.117)
(0.11444444444444445, 0.09, 0.117)
(0.11444444444444445, 0.09, 0.117)
(0.11444444444444445, 0.09, 0.117)
(0.11444444444444445, 0.09, 0.117)
(0.11444444444444445, 0.09, 0.117)
(0.11444444444444445, 0.09, 0.117)
(0.11444444444444445, 0.09, 0.117)
(0.11444444444444445, 0.09, 0.117)
(0.11444444444444445, 0.09, 0.117)
(0.11444444444444445, 0.09, 0.117)
(0.11444444444444445, 0.09, 0.117)
(0.11444444444444445, 0.09, 0.117)
(0.11444444444444445, 0.09, 0.117)
(0.11444444444444445, 0.09, 0.117)
(0.11444444444444445, 0.09, 0.117)
(0.11444444444444445, 0.09, 0.117)
(0.11444444444444445, 0.09, 0.117)
(0.11444444444444445, 0.09, 0.117)
(0.11444444444444445, 0.09, 0.117)
(0.11444444444444445, 0.09, 0.117)
(0.11444444444444445, 0.09, 0.117)
(0.11444444444444445, 0.09, 0.117)
(0.11444444444444445, 0.09, 0.117)
(0.11444444444444445, 0.09, 0.117)
(0.11444444444444445, 0.09, 0.117)
(0.11444444444444445, 0.09, 0.117)
(0.11444444444444445, 0.09, 0.117)
(0.11444444444444445, 0.09, 0.117)
(0.11444444444444445, 0.09, 0.117)
(0.11444444444444445, 0.09, 0.117)
(0.11444444444444445, 0.09, 0.117)
(0.11444444444444445, 0.09, 0.117)
(0.11444444444444445, 0.09, 0.117)
(0.11444444444444445, 0.09, 0.117)
(0.11444444444444445, 0.09, 0.117)
(0.11444444444444445, 0.09, 0.117)
(0.11444444444444445, 0.09, 0.117)
(0.11444444444444445, 0.09, 0.117)
(0.11444444444444445, 0.09, 0.117)
(0.11444444444444445, 0.09, 0.117)
(0.11444444444444445, 0.09, 0.117)
(0.11444444444444445, 0.09, 0.117)
(0.11444444444444445, 0.09, 0.117)
(0.11444444444444445, 0.09, 0.117)
(0.11444444444444445, 0.09, 0.117)
(0.11444444444444445, 0.09, 0.117)
(0.11444444444444445, 0.09, 0.117)
(0.11444444444444445, 0.09, 0.117)
(0.11444444444444445, 0.09, 0.117)
(0.11444444444444445, 0.09, 0.117)
(0.11444444444444445, 0.09, 0.117)
(0.11444444444444445, 0.09, 0.117)
(0.11444444444444445, 0.09, 0.117)
(0.11444444444444445, 0.09, 0.117)
(0.11444444444444445, 0.09, 0.117)
(0.11444444444444445, 0.09, 0.117)
(0.11444444444444445, 0.09, 0.117)
(0.11444444444444445, 0.09, 0.117)
(0.11444444444444445, 0.09, 0.117)
(0.11444444444444445, 0.09, 0.117)
(0.11444444444444445, 0.09, 0.117)
(0.11444444444444445, 0.09, 0.117)
(0.11444444444444445, 0.09, 0.117)
(0.11444444444444445, 0.09, 0.117)
(0.11444444444444445, 0.09, 0.117)
(0.11444444444444445, 0.09, 0.117)
(0.11444444444444445, 0.09, 0.117)
(0.11444444444444445, 0.09, 0.117)
(0.11444444444444445, 0.09, 0.117)
(0.11444444444444445, 0.09, 0.117)
(0.11444444444444445, 0.09, 0.117)
(0.11444444444444445, 0.09, 0.117)
(0.11444444444444445, 0.09, 0.117)
(0.11444444444444445, 0.09, 0.117)
(0.11444444444444445, 0.09, 0.117)
(0.11444444444444445, 0.09, 0.117)
(0.11444444444444445, 0.09, 0.117)
(0.11444444444444445, 0.09, 0.117)
(0.11444444444444445, 0.09, 0.117)
(0.11444444444444445, 0.09, 0.117)
(0.11444444444444445, 0.09, 0.117)
(0.11444444444444445, 0.09, 0.117)
(0.11444444444444445, 0.09, 0.117)
(0.11444444444444445, 0.09, 0.117)
(0.11444444444444445, 0.09, 0.117)
(0.11444444444444445, 0.09, 0.117)
(0.11444444444444445, 0.09, 0.117)
(0.11444444444444445, 0.09, 0.117)
(0.11444444444444445, 0.09, 0.117)
(0.11444444444444445, 0.09, 0.117)
(0.11444444444444445, 0.09, 0.117)
(0.11444444444444445, 0.09, 0.117)
