(0.09922222222222223, 0.105, 0.096)
(0.09811111111111111, 0.106, 0.087)
(0.10177777777777777, 0.097, 0.111)
(0.10177777777777777, 0.097, 0.111)
(0.10177777777777777, 0.114, 0.104)
(0.10177777777777777, 0.114, 0.104)
(0.11444444444444445, 0.09, 0.117)
(0.10055555555555555, 0.103, 0.094)
(0.09577777777777778, 0.072, 0.104)
(0.09577777777777778, 0.072, 0.104)
(0.09577777777777778, 0.072, 0.104)
(0.09577777777777778, 0.072, 0.104)
(0.09577777777777778, 0.072, 0.104)
(0.10077777777777777, 0.098, 0.106)
(0.10177777777777777, 0.114, 0.104)
(0.11444444444444445, 0.09, 0.117)
(0.09922222222222223, 0.105, 0.096)
(0.10177777777777777, 0.097, 0.111)
(0.10177777777777777, 0.114, 0.104)
(0.10055555555555555, 0.103, 0.094)
(0.10055555555555555, 0.103, 0.094)
(0.09955555555555555, 0.099, 0.086)
(0.09955555555555555, 0.099, 0.086)
(0.10055555555555555, 0.103, 0.094)
(0.10055555555555555, 0.103, 0.094)
(0.10055555555555555, 0.103, 0.094)
(0.10177777777777777, 0.114, 0.104)
(0.10177777777777777, 0.114, 0.104)
(0.11444444444444445, 0.09, 0.117)
(0.10055555555555555, 0.103, 0.094)
(0.09577777777777778, 0.072, 0.104)
(0.09922222222222223, 0.105, 0.096)
(0.09922222222222223, 0.105, 0.096)
(0.10055555555555555, 0.103, 0.094)
(0.10055555555555555, 0.103, 0.094)
(0.09955555555555555, 0.099, 0.086)
(0.09955555555555555, 0.099, 0.086)
(0.09955555555555555, 0.099, 0.086)
(0.10055555555555555, 0.103, 0.094)
(0.10055555555555555, 0.103, 0.094)
(0.088, 0.116, 0.095)
(0.09955555555555555, 0.099, 0.086)
(0.09955555555555555, 0.099, 0.086)
(0.09811111111111111, 0.106, 0.087)
(0.10177777777777777, 0.097, 0.111)
(0.10177777777777777, 0.097, 0.111)
(0.09577777777777778, 0.072, 0.104)
(0.09922222222222223, 0.105, 0.096)
(0.09922222222222223, 0.105, 0.096)
(0.09922222222222223, 0.105, 0.096)
(0.10077777777777777, 0.098, 0.106)
(0.10055555555555555, 0.103, 0.094)
(0.10055555555555555, 0.103, 0.094)
(0.10077777777777777, 0.098, 0.106)
(0.09955555555555555, 0.099, 0.086)
(0.09955555555555555, 0.099, 0.086)
(0.09955555555555555, 0.099, 0.086)
(0.10177777777777777, 0.097, 0.111)
(0.088, 0.116, 0.095)
(0.088, 0.116, 0.095)
(0.09811111111111111, 0.106, 0.087)
(0.09577777777777778, 0.072, 0.104)
(0.088, 0.116, 0.095)
(0.088, 0.116, 0.095)
(0.10177777777777777, 0.114, 0.104)
(0.09811111111111111, 0.106, 0.087)
(0.11444444444444445, 0.09, 0.117)
(0.10055555555555555, 0.103, 0.094)
(0.09811111111111111, 0.106, 0.087)
(0.11444444444444445, 0.09, 0.117)
(0.09577777777777778, 0.072, 0.104)
(0.09922222222222223, 0.105, 0.096)
(0.09955555555555555, 0.099, 0.086)
(0.088, 0.116, 0.095)
(0.10177777777777777, 0.097, 0.111)
(0.10177777777777777, 0.097, 0.111)
(0.10177777777777777, 0.097, 0.111)
(0.10177777777777777, 0.097, 0.111)
(0.10177777777777777, 0.097, 0.111)
(0.09811111111111111, 0.106, 0.087)
(0.10077777777777777, 0.098, 0.106)
(0.11444444444444445, 0.09, 0.117)
(0.10055555555555555, 0.103, 0.094)
(0.09811111111111111, 0.106, 0.087)
(0.09811111111111111, 0.106, 0.087)
(0.11444444444444445, 0.09, 0.117)
(0.11444444444444445, 0.09, 0.117)
(0.10077777777777777, 0.098, 0.106)
(0.10077777777777777, 0.098, 0.106)
(0.10077777777777777, 0.098, 0.106)
(0.10077777777777777, 0.098, 0.106)
(0.10177777777777777, 0.097, 0.111)
(0.10177777777777777, 0.097, 0.111)
(0.09811111111111111, 0.106, 0.087)
(0.09922222222222223, 0.105, 0.096)
(0.10177777777777777, 0.114, 0.104)
(0.09577777777777778, 0.072, 0.104)
(0.09922222222222223, 0.105, 0.096)
(0.09922222222222223, 0.105, 0.096)
(0.088, 0.116, 0.095)
(0.11444444444444445, 0.09, 0.117)
