(0.10077777777777777, 0.098, 0.106)
(0.10177777777777777, 0.114, 0.104)
(0.10055555555555555, 0.103, 0.094)
(0.10055555555555555, 0.103, 0.094)
(0.10055555555555555, 0.103, 0.094)
(0.10055555555555555, 0.103, 0.094)
(0.10055555555555555, 0.103, 0.094)
(0.10055555555555555, 0.103, 0.094)
(0.10055555555555555, 0.103, 0.094)
(0.10055555555555555, 0.103, 0.094)
(0.10055555555555555, 0.103, 0.094)
(0.10055555555555555, 0.103, 0.094)
(0.10055555555555555, 0.103, 0.094)
(0.10055555555555555, 0.103, 0.094)
(0.10055555555555555, 0.103, 0.094)
(0.10055555555555555, 0.103, 0.094)
(0.10055555555555555, 0.103, 0.094)
(0.10055555555555555, 0.103, 0.094)
(0.10055555555555555, 0.103, 0.094)
(0.10055555555555555, 0.103, 0.094)
(0.10055555555555555, 0.103, 0.094)
