(0.09811111111111111, 0.106, 0.087)
(0.10077777777777777, 0.098, 0.106)
(0.10077777777777777, 0.098, 0.106)
(0.10177777777777777, 0.114, 0.104)
(0.10177777777777777, 0.114, 0.104)
(0.10177777777777777, 0.114, 0.104)
(0.10177777777777777, 0.114, 0.104)
(0.10177777777777777, 0.114, 0.104)
(0.10177777777777777, 0.114, 0.104)
(0.10177777777777777, 0.114, 0.104)
(0.10177777777777777, 0.114, 0.104)
(0.10177777777777777, 0.114, 0.104)
(0.10177777777777777, 0.114, 0.104)
(0.10177777777777777, 0.114, 0.104)
(0.10177777777777777, 0.114, 0.104)
(0.10177777777777777, 0.114, 0.104)
(0.10177777777777777, 0.114, 0.104)
(0.10177777777777777, 0.114, 0.104)
(0.10177777777777777, 0.114, 0.104)
(0.10177777777777777, 0.114, 0.104)
(0.10177777777777777, 0.114, 0.104)
(0.10177777777777777, 0.114, 0.104)
(0.10177777777777777, 0.114, 0.104)
(0.10177777777777777, 0.114, 0.104)
(0.10177777777777777, 0.114, 0.104)
(0.10177777777777777, 0.114, 0.104)
(0.10177777777777777, 0.114, 0.104)
(0.10177777777777777, 0.114, 0.104)
(0.10177777777777777, 0.114, 0.104)
(0.10177777777777777, 0.114, 0.104)
(0.10177777777777777, 0.114, 0.104)
(0.10177777777777777, 0.114, 0.104)
(0.10177777777777777, 0.114, 0.104)
(0.20033333333333334, 0.197, 0.211)
(0.16166666666666665, 0.153, 0.171)
(0.20566666666666666, 0.196, 0.218)
(0.20844444444444443, 0.199, 0.218)
(0.20966666666666667, 0.199, 0.218)
(0.27066666666666667, 0.273, 0.291)
(0.26, 0.244, 0.257)
(0.286, 0.267, 0.295)
(0.30277777777777776, 0.285, 0.309)
(0.3267777777777778, 0.305, 0.325)
(0.4031111111111111, 0.393, 0.406)
(0.42966666666666664, 0.397, 0.45)
(0.42244444444444446, 0.411, 0.439)
(0.4912222222222222, 0.462, 0.51)
(0.5237777777777778, 0.492, 0.535)
(0.48744444444444446, 0.477, 0.503)
(0.4915555555555556, 0.485, 0.506)
(0.5002222222222222, 0.491, 0.515)
(0.5062222222222222, 0.501, 0.516)
(0.5195555555555555, 0.509, 0.522)
(0.5338888888888889, 0.526, 0.544)
(0.5901111111111111, 0.571, 0.609)
(0.6794444444444444, 0.662, 0.684)
(0.7461111111111111, 0.734, 0.735)
(0.7984444444444444, 0.783, 0.799)
(0.8354444444444444, 0.809, 0.837)
(0.8511111111111112, 0.835, 0.861)
(0.8577777777777778, 0.837, 0.868)
(0.8625555555555555, 0.845, 0.865)
(0.8664444444444445, 0.849, 0.873)
(0.8671111111111112, 0.85, 0.875)
(0.874, 0.855, 0.878)
(0.8748888888888889, 0.848, 0.88)
(0.8795555555555555, 0.856, 0.891)
(0.8837777777777778, 0.857, 0.892)
(0.8862222222222222, 0.861, 0.895)
(0.8893333333333333, 0.862, 0.896)
(0.8901111111111111, 0.864, 0.897)
(0.8922222222222222, 0.865, 0.902)
(0.895, 0.866, 0.904)
(0.8962222222222223, 0.873, 0.903)
(0.8981111111111111, 0.872, 0.904)
(0.8987777777777778, 0.875, 0.904)
(0.8984444444444445, 0.872, 0.901)
(0.897, 0.868, 0.9)
(0.8977777777777778, 0.872, 0.903)
(0.8994444444444445, 0.872, 0.907)
(0.9028888888888889, 0.873, 0.908)
(0.905, 0.873, 0.911)
(0.9066666666666666, 0.872, 0.911)
(0.9092222222222223, 0.874, 0.914)
(0.9102222222222223, 0.873, 0.914)
(0.9101111111111111, 0.871, 0.917)
(0.9115555555555556, 0.871, 0.917)
(0.912, 0.874, 0.917)
(0.9123333333333333, 0.873, 0.917)
(0.9122222222222223, 0.874, 0.918)
(0.9133333333333333, 0.874, 0.92)
(0.9111111111111111, 0.874, 0.911)
(0.9112222222222223, 0.877, 0.915)
(0.9133333333333333, 0.873, 0.914)
(0.9131111111111111, 0.876, 0.915)
(0.9144444444444444, 0.878, 0.915)
(0.9146666666666666, 0.876, 0.917)
(0.9131111111111111, 0.877, 0.917)
(0.9147777777777778, 0.88, 0.918)
(0.9148888888888889, 0.877, 0.918)
(0.9152222222222223, 0.877, 0.918)
