0.10177777777777777, 0.114, 0.104
0.10077777777777777, 0.098000000000000004, 0.106
0.10077777777777777, 0.098000000000000004, 0.106
0.10177777777777777, 0.114, 0.104
0.10177777777777777, 0.114, 0.104
0.10177777777777777, 0.114, 0.104
0.10177777777777777, 0.114, 0.104
0.10177777777777777, 0.114, 0.104
0.10177777777777777, 0.114, 0.104
0.10177777777777777, 0.114, 0.104
0.10177777777777777, 0.114, 0.104
0.10177777777777777, 0.114, 0.104
0.10177777777777777, 0.114, 0.104
0.10177777777777777, 0.114, 0.104
0.10177777777777777, 0.114, 0.104
0.10177777777777777, 0.114, 0.104
0.10177777777777777, 0.114, 0.104
0.10177777777777777, 0.114, 0.104
0.10177777777777777, 0.114, 0.104
0.10177777777777777, 0.114, 0.104
0.10177777777777777, 0.114, 0.104
0.10177777777777777, 0.114, 0.104
0.10177777777777777, 0.114, 0.104
0.10177777777777777, 0.114, 0.104
0.10177777777777777, 0.114, 0.104
0.10177777777777777, 0.114, 0.104
0.10177777777777777, 0.114, 0.104
0.10177777777777777, 0.114, 0.104
0.10177777777777777, 0.114, 0.104
0.10177777777777777, 0.114, 0.104
0.18644444444444444, 0.17999999999999999, 0.20399999999999999
0.26433333333333331, 0.26200000000000001, 0.27900000000000003
0.20722222222222222, 0.19800000000000001, 0.218
0.20922222222222223, 0.19900000000000001, 0.218
0.20955555555555555, 0.19900000000000001, 0.217
0.2098888888888889, 0.19900000000000001, 0.217
0.26444444444444443, 0.249, 0.26600000000000001
0.29566666666666669, 0.27600000000000002, 0.307
0.30422222222222223, 0.29899999999999999, 0.315
0.30199999999999999, 0.29299999999999998, 0.31
0.29922222222222222, 0.29299999999999998, 0.308
0.36055555555555557, 0.35299999999999998, 0.375
0.41344444444444445, 0.40300000000000002, 0.42799999999999999
0.42622222222222222, 0.41699999999999998, 0.45300000000000001
0.43455555555555553, 0.41799999999999998, 0.45100000000000001
0.46611111111111109, 0.45500000000000002, 0.48499999999999999
0.51266666666666671, 0.504, 0.53900000000000003
0.54088888888888886, 0.52900000000000003, 0.55200000000000005
0.55622222222222217, 0.54300000000000004, 0.56499999999999995
0.57088888888888889, 0.54900000000000004, 0.57699999999999996
0.57822222222222219, 0.56000000000000005, 0.58999999999999997
0.58833333333333337, 0.56699999999999995, 0.60599999999999998
0.63044444444444447, 0.61099999999999999, 0.64900000000000002
0.66733333333333333, 0.65400000000000003, 0.67900000000000005
0.7035555555555556, 0.67300000000000004, 0.72499999999999998
0.72977777777777775, 0.69199999999999995, 0.747
0.74644444444444447, 0.71199999999999997, 0.754
0.75522222222222224, 0.72499999999999998, 0.755
0.77311111111111108, 0.75, 0.77100000000000002
0.78400000000000003, 0.76100000000000001, 0.79700000000000004
0.79188888888888886, 0.76800000000000002, 0.80400000000000005
0.79700000000000004, 0.77600000000000002, 0.80900000000000005
0.79688888888888887, 0.77700000000000002, 0.81100000000000005
0.79800000000000004, 0.77200000000000002, 0.80600000000000005
0.79866666666666664, 0.77100000000000002, 0.80200000000000005
0.80177777777777781, 0.77300000000000002, 0.80500000000000005
0.80411111111111111, 0.77600000000000002, 0.80900000000000005
0.80700000000000005, 0.77800000000000002, 0.80800000000000005
0.80944444444444441, 0.77600000000000002, 0.81299999999999994
0.81200000000000006, 0.77400000000000002, 0.81499999999999995
0.81799999999999995, 0.78100000000000003, 0.81999999999999995
0.83644444444444443, 0.80200000000000005, 0.84899999999999998
0.85722222222222222, 0.82399999999999995, 0.88600000000000001
0.86477777777777776, 0.82999999999999996, 0.88900000000000001
0.86699999999999999, 0.83099999999999996, 0.89300000000000002
0.8743333333333333, 0.83199999999999996, 0.89700000000000002
0.88144444444444447, 0.84299999999999997, 0.90800000000000003
0.88966666666666672, 0.84799999999999998, 0.90800000000000003
0.88911111111111107, 0.85199999999999998, 0.90700000000000003
0.89044444444444448, 0.84699999999999998, 0.91000000000000003
0.89255555555555555, 0.84699999999999998, 0.90800000000000003
0.89366666666666672, 0.85399999999999998, 0.91100000000000003
0.89500000000000002, 0.85399999999999998, 0.91800000000000004
0.89700000000000002, 0.85399999999999998, 0.91700000000000004
0.89733333333333332, 0.85599999999999998, 0.91500000000000004
0.89700000000000002, 0.86099999999999999, 0.91500000000000004
0.89622222222222225, 0.85599999999999998, 0.91400000000000003
0.89755555555555555, 0.85799999999999998, 0.91400000000000003
0.89811111111111108, 0.85399999999999998, 0.91300000000000003
0.89988888888888885, 0.85399999999999998, 0.91700000000000004
0.89977777777777779, 0.85999999999999999, 0.91400000000000003
0.90122222222222226, 0.85999999999999999, 0.91500000000000004
0.90100000000000002, 0.86199999999999999, 0.91600000000000004
0.90033333333333332, 0.86099999999999999, 0.91500000000000004
0.90122222222222226, 0.85799999999999998, 0.91600000000000004
0.90044444444444449, 0.85799999999999998, 0.91500000000000004
0.90111111111111108, 0.85899999999999999, 0.91500000000000004
0.90022222222222226, 0.85899999999999999, 0.91200000000000003
0.90077777777777779, 0.85899999999999999, 0.91200000000000003
0.90233333333333332, 0.85599999999999998, 0.91200000000000003
0.90188888888888885, 0.85499999999999998, 0.91300000000000003
0.90233333333333332, 0.85799999999999998, 0.91200000000000003
0.90288888888888885, 0.85599999999999998, 0.91400000000000003
0.90455555555555556, 0.85599999999999998, 0.91300000000000003
0.90433333333333332, 0.85499999999999998, 0.91200000000000003
0.90600000000000003, 0.85799999999999998, 0.91900000000000004
0.90755555555555556, 0.85699999999999998, 0.91900000000000004
0.90788888888888886, 0.85899999999999999, 0.91800000000000004
0.90600000000000003, 0.86099999999999999, 0.92400000000000004
0.90477777777777779, 0.86399999999999999, 0.92200000000000004
0.90322222222222226, 0.86499999999999999, 0.92300000000000004
