0.087999999999999995, 0.11600000000000001, 0.095000000000000001
0.11444444444444445, 0.089999999999999997, 0.11700000000000001
0.11444444444444445, 0.089999999999999997, 0.11700000000000001
0.11444444444444445, 0.089999999999999997, 0.11700000000000001
0.11444444444444445, 0.089999999999999997, 0.11700000000000001
0.11444444444444445, 0.089999999999999997, 0.11700000000000001
0.11444444444444445, 0.089999999999999997, 0.11700000000000001
0.11444444444444445, 0.089999999999999997, 0.11700000000000001
0.11444444444444445, 0.089999999999999997, 0.11700000000000001
0.11444444444444445, 0.089999999999999997, 0.11700000000000001
0.11444444444444445, 0.089999999999999997, 0.11700000000000001
0.11444444444444445, 0.089999999999999997, 0.11700000000000001
0.11444444444444445, 0.089999999999999997, 0.11700000000000001
0.11444444444444445, 0.089999999999999997, 0.11700000000000001
0.11444444444444445, 0.089999999999999997, 0.11700000000000001
0.11444444444444445, 0.089999999999999997, 0.11700000000000001
0.11444444444444445, 0.089999999999999997, 0.11700000000000001
0.11444444444444445, 0.089999999999999997, 0.11700000000000001
0.11444444444444445, 0.089999999999999997, 0.11700000000000001
0.11444444444444445, 0.089999999999999997, 0.11700000000000001
0.11444444444444445, 0.089999999999999997, 0.11700000000000001
0.11444444444444445, 0.089999999999999997, 0.11700000000000001
0.11444444444444445, 0.089999999999999997, 0.11700000000000001
0.11444444444444445, 0.089999999999999997, 0.11700000000000001
0.11444444444444445, 0.089999999999999997, 0.11700000000000001
0.11444444444444445, 0.089999999999999997, 0.11700000000000001
0.11444444444444445, 0.089999999999999997, 0.11700000000000001
0.11444444444444445, 0.089999999999999997, 0.11700000000000001
0.11444444444444445, 0.089999999999999997, 0.11700000000000001
0.11444444444444445, 0.089999999999999997, 0.11700000000000001
0.11444444444444445, 0.089999999999999997, 0.11700000000000001
0.11444444444444445, 0.089999999999999997, 0.11700000000000001
0.11444444444444445, 0.089999999999999997, 0.11700000000000001
0.11444444444444445, 0.089999999999999997, 0.11700000000000001
0.11444444444444445, 0.089999999999999997, 0.11700000000000001
0.11444444444444445, 0.089999999999999997, 0.11700000000000001
0.11444444444444445, 0.089999999999999997, 0.11700000000000001
0.11444444444444445, 0.089999999999999997, 0.11700000000000001
0.11444444444444445, 0.089999999999999997, 0.11700000000000001
0.11444444444444445, 0.089999999999999997, 0.11700000000000001
0.11444444444444445, 0.089999999999999997, 0.11700000000000001
0.11444444444444445, 0.089999999999999997, 0.11700000000000001
0.11444444444444445, 0.089999999999999997, 0.11700000000000001
0.11444444444444445, 0.089999999999999997, 0.11700000000000001
0.11444444444444445, 0.089999999999999997, 0.11700000000000001
0.11444444444444445, 0.089999999999999997, 0.11700000000000001
0.11444444444444445, 0.089999999999999997, 0.11700000000000001
0.11444444444444445, 0.089999999999999997, 0.11700000000000001
0.11444444444444445, 0.089999999999999997, 0.11700000000000001
0.11444444444444445, 0.089999999999999997, 0.11700000000000001
0.11444444444444445, 0.089999999999999997, 0.11700000000000001
0.11444444444444445, 0.089999999999999997, 0.11700000000000001
0.11444444444444445, 0.089999999999999997, 0.11700000000000001
0.11444444444444445, 0.089999999999999997, 0.11700000000000001
0.11444444444444445, 0.089999999999999997, 0.11700000000000001
0.11444444444444445, 0.089999999999999997, 0.11700000000000001
0.11444444444444445, 0.089999999999999997, 0.11700000000000001
0.11444444444444445, 0.089999999999999997, 0.11700000000000001
0.11444444444444445, 0.089999999999999997, 0.11700000000000001
0.115, 0.089999999999999997, 0.11799999999999999
0.11633333333333333, 0.090999999999999998, 0.121
0.11955555555555555, 0.097000000000000003, 0.13100000000000001
0.12766666666666668, 0.105, 0.14699999999999999
0.13755555555555554, 0.11, 0.158
0.15022222222222223, 0.126, 0.16400000000000001
0.16088888888888889, 0.13600000000000001, 0.17899999999999999
0.1708888888888889, 0.153, 0.183
0.17944444444444443, 0.16400000000000001, 0.193
0.18655555555555556, 0.16900000000000001, 0.19700000000000001
0.19133333333333333, 0.18099999999999999, 0.20399999999999999
0.19644444444444445, 0.186, 0.20699999999999999
0.19988888888888889, 0.186, 0.20699999999999999
0.20255555555555554, 0.187, 0.20899999999999999
0.20466666666666666, 0.188, 0.20999999999999999
0.20666666666666667, 0.188, 0.21099999999999999
0.20722222222222222, 0.188, 0.21099999999999999
0.20844444444444443, 0.189, 0.21099999999999999
0.20877777777777778, 0.191, 0.21099999999999999
0.20966666666666667, 0.192, 0.21199999999999999
0.21011111111111111, 0.192, 0.21199999999999999
0.21022222222222223, 0.192, 0.21199999999999999
0.21077777777777779, 0.193, 0.21199999999999999
0.21088888888888888, 0.193, 0.21199999999999999
0.21099999999999999, 0.193, 0.21199999999999999
0.21111111111111111, 0.193, 0.21199999999999999
0.21133333333333335, 0.193, 0.21199999999999999
0.21144444444444443, 0.193, 0.21199999999999999
0.21144444444444443, 0.193, 0.21199999999999999
0.21166666666666667, 0.193, 0.21199999999999999
0.21177777777777779, 0.193, 0.21199999999999999
0.21199999999999999, 0.193, 0.21199999999999999
0.21211111111111111, 0.19400000000000001, 0.21199999999999999
0.21222222222222223, 0.19400000000000001, 0.21199999999999999
0.21322222222222223, 0.19700000000000001, 0.216
0.21533333333333332, 0.20200000000000001, 0.223
0.22022222222222224, 0.20499999999999999, 0.22900000000000001
0.2281111111111111, 0.21199999999999999, 0.23499999999999999
0.23855555555555555, 0.219, 0.248
0.24822222222222223, 0.222, 0.25900000000000001
0.25933333333333336, 0.23400000000000001, 0.26900000000000002
0.26866666666666666, 0.24099999999999999, 0.27700000000000002
