0.10177777777777777, 0.114, 0.104
0.32833333333333331, 0.29699999999999999, 0.33600000000000002
0.64488888888888884, 0.60699999999999998, 0.66200000000000003
0.74233333333333329, 0.73999999999999999, 0.76600000000000001
0.82055555555555559, 0.79800000000000004, 0.83899999999999997
0.78544444444444439, 0.74399999999999999, 0.81999999999999995
0.83844444444444444, 0.82299999999999995, 0.875
0.80877777777777782, 0.77400000000000002, 0.83499999999999996
0.83577777777777773, 0.81699999999999995, 0.873
0.85077777777777774, 0.83799999999999997, 0.86499999999999999
0.84433333333333338, 0.81499999999999995, 0.85599999999999998
0.86355555555555552, 0.83799999999999997, 0.88900000000000001
0.82422222222222219, 0.80400000000000005, 0.85799999999999998
0.85644444444444445, 0.83299999999999996, 0.872
0.86699999999999999, 0.84999999999999998, 0.88600000000000001
0.86199999999999999, 0.84999999999999998, 0.89400000000000002
0.86511111111111116, 0.83699999999999997, 0.871
0.87522222222222223, 0.85499999999999998, 0.89100000000000001
0.86355555555555552, 0.84199999999999997, 0.89300000000000002
0.86155555555555552, 0.85499999999999998, 0.89200000000000002
0.84277777777777774, 0.83399999999999996, 0.86799999999999999
0.86011111111111116, 0.84199999999999997, 0.89500000000000002
0.87044444444444447, 0.82799999999999996, 0.88700000000000001
0.85777777777777775, 0.83299999999999996, 0.875
0.87866666666666671, 0.85199999999999998, 0.90100000000000002
0.88466666666666671, 0.84799999999999998, 0.90000000000000002
0.88522222222222224, 0.85499999999999998, 0.90900000000000003
0.88388888888888884, 0.84899999999999998, 0.91200000000000003
0.89700000000000002, 0.85699999999999998, 0.91200000000000003
0.89388888888888884, 0.875, 0.90400000000000003
0.88611111111111107, 0.86699999999999999, 0.89300000000000002
0.88866666666666672, 0.85999999999999999, 0.89900000000000002
0.89322222222222225, 0.86399999999999999, 0.90200000000000002
0.90177777777777779, 0.87, 0.92000000000000004
0.88922222222222225, 0.86099999999999999, 0.90400000000000003
0.90311111111111109, 0.86699999999999999, 0.91400000000000003
0.89911111111111108, 0.878, 0.91800000000000004
0.90000000000000002, 0.87, 0.91200000000000003
0.89244444444444448, 0.872, 0.91400000000000003
0.8753333333333333, 0.85199999999999998, 0.88300000000000001
0.89855555555555555, 0.873, 0.91700000000000004
0.90222222222222226, 0.86799999999999999, 0.91600000000000004
0.89122222222222225, 0.86799999999999999, 0.91000000000000003
0.89066666666666672, 0.86099999999999999, 0.90300000000000002
0.89588888888888885, 0.86199999999999999, 0.91800000000000004
0.86699999999999999, 0.83999999999999997, 0.88700000000000001
0.89444444444444449, 0.872, 0.91200000000000003
0.90100000000000002, 0.872, 0.91000000000000003
0.89688888888888885, 0.85499999999999998, 0.90200000000000002
0.89544444444444449, 0.86799999999999999, 0.90900000000000003
0.89888888888888885, 0.878, 0.90900000000000003
0.85844444444444445, 0.82099999999999995, 0.88700000000000001
0.89988888888888885, 0.86699999999999999, 0.91400000000000003
0.90166666666666662, 0.871, 0.91600000000000004
0.90111111111111108, 0.86499999999999999, 0.90900000000000003
0.9097777777777778, 0.88500000000000001, 0.92100000000000004
0.89677777777777778, 0.873, 0.91200000000000003
0.90677777777777779, 0.878, 0.91900000000000004
0.90277777777777779, 0.873, 0.91300000000000003
0.91188888888888886, 0.88500000000000001, 0.92400000000000004
0.89122222222222225, 0.86499999999999999, 0.90800000000000003
0.90477777777777779, 0.879, 0.91200000000000003
0.89477777777777778, 0.86599999999999999, 0.90600000000000003
0.89722222222222225, 0.86399999999999999, 0.90300000000000002
0.86088888888888893, 0.84399999999999997, 0.88300000000000001
0.90211111111111109, 0.877, 0.91300000000000003
0.89600000000000002, 0.86399999999999999, 0.90800000000000003
0.89066666666666672, 0.85599999999999998, 0.90300000000000002
0.90044444444444449, 0.86599999999999999, 0.91600000000000004
0.90222222222222226, 0.875, 0.90100000000000002
0.90900000000000003, 0.87, 0.90900000000000003
0.89777777777777779, 0.872, 0.90600000000000003
0.90200000000000002, 0.879, 0.90500000000000003
0.90422222222222226, 0.878, 0.91600000000000004
0.90066666666666662, 0.87, 0.91100000000000003
0.88688888888888884, 0.85699999999999998, 0.90300000000000002
0.90411111111111109, 0.877, 0.92000000000000004
0.89588888888888885, 0.86199999999999999, 0.91300000000000003
0.89922222222222226, 0.87, 0.90300000000000002
0.90988888888888886, 0.89300000000000002, 0.91700000000000004
0.90633333333333332, 0.88600000000000001, 0.91500000000000004
0.90622222222222226, 0.88300000000000001, 0.90100000000000002
0.87311111111111106, 0.84199999999999997, 0.88100000000000001
0.90933333333333333, 0.88, 0.91400000000000003
0.91388888888888886, 0.88200000000000001, 0.91700000000000004
0.90777777777777779, 0.88400000000000001, 0.91800000000000004
0.91600000000000004, 0.88100000000000001, 0.92400000000000004
0.89211111111111108, 0.86299999999999999, 0.90500000000000003
0.90244444444444449, 0.872, 0.91800000000000004
0.91222222222222227, 0.88300000000000001, 0.91900000000000004
0.90166666666666662, 0.871, 0.90100000000000002
0.91533333333333333, 0.88300000000000001, 0.92400000000000004
0.91000000000000003, 0.88100000000000001, 0.91400000000000003
0.91255555555555556, 0.875, 0.91700000000000004
0.90344444444444449, 0.872, 0.91400000000000003
0.90833333333333333, 0.88700000000000001, 0.92000000000000004
0.91333333333333333, 0.876, 0.92000000000000004
0.90555555555555556, 0.872, 0.91900000000000004
0.90066666666666662, 0.871, 0.91700000000000004
0.91288888888888886, 0.872, 0.91700000000000004
0.90733333333333333, 0.879, 0.91700000000000004
