0.098111111111111107, 0.106, 0.086999999999999994
0.25477777777777777, 0.255, 0.26800000000000002
0.73322222222222222, 0.70299999999999996, 0.76500000000000001
0.84999999999999998, 0.83299999999999996, 0.89400000000000002
0.88, 0.86099999999999999, 0.90800000000000003
0.89033333333333331, 0.874, 0.91700000000000004
0.89688888888888885, 0.876, 0.91900000000000004
0.90255555555555556, 0.88, 0.92300000000000004
0.90600000000000003, 0.88300000000000001, 0.92800000000000005
0.90955555555555556, 0.88900000000000001, 0.93100000000000005
0.9137777777777778, 0.89300000000000002, 0.93200000000000005
0.91700000000000004, 0.89300000000000002, 0.93400000000000005
0.91922222222222227, 0.89500000000000002, 0.93500000000000005
0.92200000000000004, 0.89500000000000002, 0.93300000000000005
0.92477777777777781, 0.89800000000000002, 0.93300000000000005
0.92677777777777781, 0.90000000000000002, 0.93500000000000005
0.92766666666666664, 0.90300000000000002, 0.93799999999999994
0.92922222222222217, 0.90600000000000003, 0.93899999999999995
0.93100000000000005, 0.90900000000000003, 0.93799999999999994
0.93244444444444441, 0.91200000000000003, 0.93700000000000006
0.93388888888888888, 0.91200000000000003, 0.93700000000000006
0.93600000000000005, 0.91300000000000003, 0.93500000000000005
0.93733333333333335, 0.91400000000000003, 0.93500000000000005
0.93933333333333335, 0.91400000000000003, 0.93500000000000005
0.94133333333333336, 0.91400000000000003, 0.93500000000000005
0.94233333333333336, 0.91400000000000003, 0.93700000000000006
0.94333333333333336, 0.91200000000000003, 0.93600000000000005
0.94477777777777783, 0.91200000000000003, 0.93600000000000005
0.94544444444444442, 0.91300000000000003, 0.93600000000000005
0.94644444444444442, 0.91300000000000003, 0.93600000000000005
0.94711111111111113, 0.91300000000000003, 0.93700000000000006
0.94811111111111113, 0.91300000000000003, 0.93799999999999994
0.94888888888888889, 0.91400000000000003, 0.93799999999999994
0.9505555555555556, 0.91500000000000004, 0.93999999999999995
0.95099999999999996, 0.91600000000000004, 0.93899999999999995
0.9515555555555556, 0.91600000000000004, 0.93999999999999995
0.95233333333333337, 0.91600000000000004, 0.94099999999999995
0.9528888888888889, 0.91700000000000004, 0.94199999999999995
0.95333333333333337, 0.91900000000000004, 0.94199999999999995
0.9535555555555556, 0.92200000000000004, 0.94499999999999995
0.95444444444444443, 0.92200000000000004, 0.94499999999999995
0.9548888888888889, 0.92300000000000004, 0.94699999999999995
0.95511111111111113, 0.92400000000000004, 0.94699999999999995
0.95611111111111113, 0.92400000000000004, 0.94699999999999995
0.9562222222222222, 0.92400000000000004, 0.94799999999999995
0.95677777777777773, 0.92400000000000004, 0.94799999999999995
0.95699999999999996, 0.92400000000000004, 0.94799999999999995
0.9572222222222222, 0.92400000000000004, 0.94799999999999995
0.95777777777777773, 0.92300000000000004, 0.94899999999999995
0.95811111111111114, 0.92300000000000004, 0.94899999999999995
0.95855555555555561, 0.92200000000000004, 0.94899999999999995
0.95911111111111114, 0.92200000000000004, 0.94899999999999995
0.95911111111111114, 0.92200000000000004, 0.94899999999999995
0.95955555555555561, 0.92300000000000004, 0.94899999999999995
0.95966666666666667, 0.92300000000000004, 0.94899999999999995
0.95999999999999996, 0.92300000000000004, 0.94899999999999995
0.96055555555555561, 0.92300000000000004, 0.94899999999999995
0.96133333333333337, 0.92200000000000004, 0.94899999999999995
0.96166666666666667, 0.92100000000000004, 0.94899999999999995
0.9618888888888889, 0.92100000000000004, 0.94799999999999995
0.96244444444444444, 0.92100000000000004, 0.94799999999999995
0.96299999999999997, 0.92100000000000004, 0.94799999999999995
0.96299999999999997, 0.92200000000000004, 0.94799999999999995
0.96299999999999997, 0.92200000000000004, 0.94799999999999995
0.96333333333333337, 0.92000000000000004, 0.94799999999999995
0.96311111111111114, 0.92000000000000004, 0.94799999999999995
0.9632222222222222, 0.91900000000000004, 0.94799999999999995
0.96311111111111114, 0.91900000000000004, 0.94799999999999995
0.96333333333333337, 0.91900000000000004, 0.94799999999999995
0.96333333333333337, 0.91800000000000004, 0.94899999999999995
0.96355555555555561, 0.91800000000000004, 0.94899999999999995
0.96388888888888891, 0.91800000000000004, 0.94899999999999995
0.9642222222222222, 0.91800000000000004, 0.94899999999999995
0.96444444444444444, 0.91800000000000004, 0.94899999999999995
0.96477777777777773, 0.91900000000000004, 0.94899999999999995
0.9652222222222222, 0.92000000000000004, 0.94899999999999995
0.9652222222222222, 0.92000000000000004, 0.94899999999999995
0.96533333333333338, 0.92000000000000004, 0.94799999999999995
0.96533333333333338, 0.91900000000000004, 0.94799999999999995
0.96566666666666667, 0.91900000000000004, 0.94799999999999995
0.96588888888888891, 0.92000000000000004, 0.94799999999999995
0.96611111111111114, 0.91900000000000004, 0.94799999999999995
0.9665555555555555, 0.91900000000000004, 0.94799999999999995
0.9665555555555555, 0.91900000000000004, 0.94799999999999995
0.96677777777777774, 0.92000000000000004, 0.94799999999999995
0.96688888888888891, 0.92000000000000004, 0.94799999999999995
0.96744444444444444, 0.92000000000000004, 0.94799999999999995
0.9675555555555555, 0.92000000000000004, 0.94799999999999995
0.96788888888888891, 0.92000000000000004, 0.94799999999999995
0.96822222222222221, 0.92000000000000004, 0.94799999999999995
0.96822222222222221, 0.92000000000000004, 0.94799999999999995
0.96822222222222221, 0.92000000000000004, 0.94799999999999995
0.96844444444444444, 0.92000000000000004, 0.94799999999999995
0.9685555555555555, 0.91900000000000004, 0.94799999999999995
0.96877777777777774, 0.91900000000000004, 0.94799999999999995
0.96888888888888891, 0.91900000000000004, 0.94799999999999995
0.96933333333333338, 0.91900000000000004, 0.94699999999999995
0.96944444444444444, 0.91900000000000004, 0.94699999999999995
0.96944444444444444, 0.91900000000000004, 0.94699999999999995
0.96977777777777774, 0.91900000000000004, 0.94699999999999995
0.96977777777777774, 0.91900000000000004, 0.94699999999999995
