0.10077777777777777, 0.098000000000000004, 0.106
0.11444444444444445, 0.089999999999999997, 0.11700000000000001
0.11444444444444445, 0.089999999999999997, 0.11700000000000001
0.11566666666666667, 0.089999999999999997, 0.12
0.20033333333333334, 0.187, 0.20799999999999999
0.21144444444444443, 0.193, 0.21199999999999999
0.21244444444444444, 0.19500000000000001, 0.21199999999999999
0.21277777777777779, 0.19500000000000001, 0.21199999999999999
0.21244444444444444, 0.19500000000000001, 0.21199999999999999
0.21766666666666667, 0.20200000000000001, 0.222
0.31611111111111112, 0.29899999999999999, 0.31900000000000001
0.40444444444444444, 0.39300000000000002, 0.41099999999999998
0.4777777777777778, 0.44500000000000001, 0.501
0.54977777777777781, 0.501, 0.57799999999999996
0.59977777777777774, 0.55800000000000005, 0.63800000000000001
0.63377777777777777, 0.59199999999999997, 0.67800000000000005
0.66566666666666663, 0.623, 0.70599999999999996
0.69288888888888889, 0.65100000000000002, 0.72899999999999998
0.71911111111111115, 0.68700000000000006, 0.746
0.7406666666666667, 0.71199999999999997, 0.76700000000000002
0.76611111111111108, 0.72999999999999998, 0.79600000000000004
0.7891111111111111, 0.75, 0.82599999999999996
0.80577777777777781, 0.77800000000000002, 0.84599999999999997
0.81966666666666665, 0.79700000000000004, 0.86399999999999999
0.82766666666666666, 0.81000000000000005, 0.86799999999999999
0.8352222222222222, 0.81899999999999995, 0.874
0.84011111111111114, 0.82499999999999996, 0.876
0.84622222222222221, 0.83099999999999996, 0.88300000000000001
0.85144444444444445, 0.83799999999999997, 0.89000000000000001
0.85588888888888892, 0.84099999999999997, 0.89600000000000002
0.85933333333333328, 0.84699999999999998, 0.89900000000000002
0.86233333333333329, 0.85399999999999998, 0.90100000000000002
0.86611111111111116, 0.85899999999999999, 0.90300000000000002
0.86822222222222223, 0.86099999999999999, 0.90400000000000003
0.8716666666666667, 0.86099999999999999, 0.90800000000000003
0.874, 0.86299999999999999, 0.91000000000000003
0.87666666666666671, 0.86399999999999999, 0.91000000000000003
0.8793333333333333, 0.86499999999999999, 0.91000000000000003
0.88100000000000001, 0.86599999999999999, 0.91200000000000003
0.88322222222222224, 0.86599999999999999, 0.91200000000000003
0.88488888888888884, 0.86599999999999999, 0.91400000000000003
0.88644444444444448, 0.86499999999999999, 0.91400000000000003
0.88700000000000001, 0.86799999999999999, 0.91600000000000004
0.88822222222222225, 0.86799999999999999, 0.91700000000000004
0.88922222222222225, 0.87, 0.91700000000000004
0.89022222222222225, 0.871, 0.91600000000000004
0.89077777777777778, 0.873, 0.91600000000000004
0.89244444444444448, 0.874, 0.91800000000000004
0.89411111111111108, 0.874, 0.91800000000000004
0.89522222222222225, 0.875, 0.91900000000000004
0.89577777777777778, 0.875, 0.91900000000000004
0.89666666666666661, 0.875, 0.91900000000000004
0.89733333333333332, 0.877, 0.91900000000000004
0.89788888888888885, 0.877, 0.91900000000000004
0.89855555555555555, 0.879, 0.91900000000000004
0.89866666666666661, 0.88, 0.92300000000000004
0.89933333333333332, 0.88100000000000001, 0.92400000000000004
0.89988888888888885, 0.88100000000000001, 0.92500000000000004
0.90077777777777779, 0.88100000000000001, 0.92700000000000005
0.90166666666666662, 0.88100000000000001, 0.92700000000000005
0.90200000000000002, 0.88200000000000001, 0.92700000000000005
0.90277777777777779, 0.88100000000000001, 0.92700000000000005
0.90311111111111109, 0.88100000000000001, 0.92700000000000005
0.90300000000000002, 0.88100000000000001, 0.92700000000000005
0.90344444444444449, 0.88200000000000001, 0.92600000000000005
0.90400000000000003, 0.88400000000000001, 0.92600000000000005
0.90455555555555556, 0.88500000000000001, 0.92600000000000005
0.90488888888888885, 0.88500000000000001, 0.92700000000000005
0.90577777777777779, 0.88500000000000001, 0.92800000000000005
0.90622222222222226, 0.88800000000000001, 0.92800000000000005
0.90688888888888886, 0.88800000000000001, 0.92900000000000005
0.90711111111111109, 0.88800000000000001, 0.92900000000000005
0.90755555555555556, 0.88700000000000001, 0.93000000000000005
0.90788888888888886, 0.88900000000000001, 0.93100000000000005
0.90788888888888886, 0.88900000000000001, 0.93200000000000005
0.90833333333333333, 0.88900000000000001, 0.93200000000000005
0.90866666666666662, 0.88700000000000001, 0.93300000000000005
0.9087777777777778, 0.88800000000000001, 0.93300000000000005
0.90933333333333333, 0.88800000000000001, 0.93300000000000005
0.90966666666666662, 0.88800000000000001, 0.93300000000000005
0.90988888888888886, 0.88700000000000001, 0.93300000000000005
0.91044444444444439, 0.88700000000000001, 0.93300000000000005
0.9107777777777778, 0.88700000000000001, 0.93300000000000005
0.91133333333333333, 0.88700000000000001, 0.93300000000000005
0.91188888888888886, 0.88800000000000001, 0.93300000000000005
0.91222222222222227, 0.88800000000000001, 0.93300000000000005
0.91244444444444439, 0.88800000000000001, 0.93300000000000005
0.9131111111111111, 0.88800000000000001, 0.93300000000000005
0.91300000000000003, 0.88900000000000001, 0.93300000000000005
0.9131111111111111, 0.88900000000000001, 0.93300000000000005
0.91344444444444439, 0.89000000000000001, 0.93400000000000005
0.91422222222222227, 0.89000000000000001, 0.93400000000000005
0.9147777777777778, 0.89000000000000001, 0.93400000000000005
0.9151111111111111, 0.89000000000000001, 0.93400000000000005
0.91555555555555557, 0.89100000000000001, 0.93500000000000005
0.91655555555555557, 0.89100000000000001, 0.93500000000000005
0.9167777777777778, 0.89200000000000002, 0.93600000000000005
0.91688888888888886, 0.89200000000000002, 0.93600000000000005
0.9174444444444444, 0.89200000000000002, 0.93700000000000006
0.91766666666666663, 0.89200000000000002, 0.93799999999999994
0.91800000000000004, 0.89300000000000002, 0.93700000000000006
