(0.11444444444444445, 0.089999999999999997, 0.11700000000000001)
(0.11444444444444445, 0.089999999999999997, 0.11700000000000001)
(0.11444444444444445, 0.089999999999999997, 0.11700000000000001)
(0.11444444444444445, 0.089999999999999997, 0.11700000000000001)
(0.11444444444444445, 0.089999999999999997, 0.11700000000000001)
(0.11444444444444445, 0.089999999999999997, 0.11700000000000001)
(0.11444444444444445, 0.089999999999999997, 0.11700000000000001)
(0.11444444444444445, 0.089999999999999997, 0.11700000000000001)
(0.11444444444444445, 0.089999999999999997, 0.11700000000000001)
(0.11444444444444445, 0.089999999999999997, 0.11700000000000001)
(0.11444444444444445, 0.089999999999999997, 0.11700000000000001)
(0.11444444444444445, 0.089999999999999997, 0.11700000000000001)
(0.11444444444444445, 0.089999999999999997, 0.11700000000000001)
(0.11444444444444445, 0.089999999999999997, 0.11700000000000001)
(0.11444444444444445, 0.089999999999999997, 0.11700000000000001)
(0.11444444444444445, 0.089999999999999997, 0.11700000000000001)
(0.11444444444444445, 0.089999999999999997, 0.11700000000000001)
(0.11444444444444445, 0.089999999999999997, 0.11700000000000001)
(0.11444444444444445, 0.089999999999999997, 0.11700000000000001)
(0.11444444444444445, 0.089999999999999997, 0.11700000000000001)
(0.11444444444444445, 0.089999999999999997, 0.11700000000000001)
(0.11444444444444445, 0.089999999999999997, 0.11700000000000001)
(0.11444444444444445, 0.089999999999999997, 0.11700000000000001)
(0.11444444444444445, 0.089999999999999997, 0.11700000000000001)
(0.11444444444444445, 0.089999999999999997, 0.11700000000000001)
(0.11444444444444445, 0.089999999999999997, 0.11700000000000001)
(0.11444444444444445, 0.089999999999999997, 0.11700000000000001)
(0.11444444444444445, 0.089999999999999997, 0.11700000000000001)
(0.11444444444444445, 0.089999999999999997, 0.11700000000000001)
(0.11444444444444445, 0.089999999999999997, 0.11700000000000001)
(0.11444444444444445, 0.089999999999999997, 0.11700000000000001)
(0.11444444444444445, 0.089999999999999997, 0.11700000000000001)
(0.11444444444444445, 0.089999999999999997, 0.11700000000000001)
(0.11444444444444445, 0.089999999999999997, 0.11700000000000001)
(0.11444444444444445, 0.089999999999999997, 0.11700000000000001)
(0.11444444444444445, 0.089999999999999997, 0.11700000000000001)
(0.11444444444444445, 0.089999999999999997, 0.11700000000000001)
(0.11444444444444445, 0.089999999999999997, 0.11700000000000001)
(0.11444444444444445, 0.089999999999999997, 0.11700000000000001)
(0.11444444444444445, 0.089999999999999997, 0.11700000000000001)
(0.11444444444444445, 0.089999999999999997, 0.11700000000000001)
(0.11444444444444445, 0.089999999999999997, 0.11700000000000001)
(0.11444444444444445, 0.089999999999999997, 0.11700000000000001)
(0.11444444444444445, 0.089999999999999997, 0.11700000000000001)
(0.11444444444444445, 0.089999999999999997, 0.11700000000000001)
(0.11444444444444445, 0.089999999999999997, 0.11700000000000001)
(0.11444444444444445, 0.089999999999999997, 0.11700000000000001)
(0.11444444444444445, 0.089999999999999997, 0.11700000000000001)
(0.11444444444444445, 0.089999999999999997, 0.11700000000000001)
(0.11444444444444445, 0.089999999999999997, 0.11700000000000001)
(0.11444444444444445, 0.089999999999999997, 0.11700000000000001)
(0.11444444444444445, 0.089999999999999997, 0.11700000000000001)
(0.11444444444444445, 0.089999999999999997, 0.11700000000000001)
(0.11444444444444445, 0.089999999999999997, 0.11700000000000001)
(0.11444444444444445, 0.089999999999999997, 0.11700000000000001)
(0.11444444444444445, 0.089999999999999997, 0.11700000000000001)
(0.11444444444444445, 0.089999999999999997, 0.11700000000000001)
(0.11444444444444445, 0.089999999999999997, 0.11700000000000001)
(0.11444444444444445, 0.089999999999999997, 0.11700000000000001)
(0.11444444444444445, 0.089999999999999997, 0.11700000000000001)
(0.11444444444444445, 0.089999999999999997, 0.11700000000000001)
(0.11444444444444445, 0.089999999999999997, 0.11700000000000001)
(0.11444444444444445, 0.089999999999999997, 0.11700000000000001)
(0.11444444444444445, 0.089999999999999997, 0.11700000000000001)
(0.11444444444444445, 0.089999999999999997, 0.11700000000000001)
(0.11444444444444445, 0.089999999999999997, 0.11700000000000001)
(0.11444444444444445, 0.089999999999999997, 0.11700000000000001)
(0.11444444444444445, 0.089999999999999997, 0.11700000000000001)
(0.11444444444444445, 0.089999999999999997, 0.11700000000000001)
(0.11444444444444445, 0.089999999999999997, 0.11700000000000001)
(0.11444444444444445, 0.089999999999999997, 0.11700000000000001)
(0.11444444444444445, 0.089999999999999997, 0.11700000000000001)
(0.11444444444444445, 0.089999999999999997, 0.11700000000000001)
(0.11444444444444445, 0.089999999999999997, 0.11700000000000001)
(0.11444444444444445, 0.089999999999999997, 0.11700000000000001)
(0.11444444444444445, 0.089999999999999997, 0.11700000000000001)
(0.11444444444444445, 0.089999999999999997, 0.11700000000000001)
(0.11444444444444445, 0.089999999999999997, 0.11700000000000001)
(0.11444444444444445, 0.089999999999999997, 0.11700000000000001)
(0.11444444444444445, 0.089999999999999997, 0.11700000000000001)
(0.11444444444444445, 0.089999999999999997, 0.11700000000000001)
(0.11444444444444445, 0.089999999999999997, 0.11700000000000001)
(0.11444444444444445, 0.089999999999999997, 0.11700000000000001)
(0.11444444444444445, 0.089999999999999997, 0.11700000000000001)
(0.11444444444444445, 0.089999999999999997, 0.11700000000000001)
(0.11444444444444445, 0.089999999999999997, 0.11700000000000001)
(0.11444444444444445, 0.089999999999999997, 0.11700000000000001)
(0.11444444444444445, 0.089999999999999997, 0.11700000000000001)
(0.11444444444444445, 0.089999999999999997, 0.11700000000000001)
(0.11444444444444445, 0.089999999999999997, 0.11700000000000001)
(0.11444444444444445, 0.089999999999999997, 0.11700000000000001)
(0.11444444444444445, 0.089999999999999997, 0.11700000000000001)
(0.11444444444444445, 0.089999999999999997, 0.11700000000000001)
(0.11444444444444445, 0.089999999999999997, 0.11700000000000001)
(0.11444444444444445, 0.089999999999999997, 0.11700000000000001)
(0.11444444444444445, 0.089999999999999997, 0.11700000000000001)
(0.11444444444444445, 0.089999999999999997, 0.11700000000000001)
(0.11444444444444445, 0.089999999999999997, 0.11700000000000001)
(0.11444444444444445, 0.089999999999999997, 0.11700000000000001)
(0.11444444444444445, 0.089999999999999997, 0.11700000000000001)
(0.11444444444444445, 0.089999999999999997, 0.11700000000000001)
(0.11444444444444445, 0.089999999999999997, 0.11700000000000001)
(0.11444444444444445, 0.089999999999999997, 0.11700000000000001)
(0.11444444444444445, 0.089999999999999997, 0.11700000000000001)
(0.11444444444444445, 0.089999999999999997, 0.11700000000000001)
(0.11444444444444445, 0.089999999999999997, 0.11700000000000001)
(0.11444444444444445, 0.089999999999999997, 0.11700000000000001)
(0.11444444444444445, 0.089999999999999997, 0.11700000000000001)
(0.17622222222222222, 0.14999999999999999, 0.193)
(0.19233333333333333, 0.17699999999999999, 0.20100000000000001)
(0.18911111111111112, 0.17899999999999999, 0.19400000000000001)
(0.18166666666666667, 0.17100000000000001, 0.17999999999999999)
(0.17599999999999999, 0.16700000000000001, 0.16600000000000001)
(0.16888888888888889, 0.16200000000000001, 0.152)
(0.16366666666666665, 0.157, 0.14699999999999999)
(0.15955555555555556, 0.155, 0.14499999999999999)
(0.15711111111111112, 0.154, 0.14299999999999999)
(0.15544444444444444, 0.154, 0.14099999999999999)
(0.15477777777777776, 0.153, 0.14000000000000001)
(0.15588888888888888, 0.154, 0.14199999999999999)
(0.15788888888888888, 0.155, 0.14299999999999999)
(0.15988888888888889, 0.155, 0.14499999999999999)
(0.16344444444444445, 0.157, 0.14699999999999999)
(0.16766666666666666, 0.16200000000000001, 0.151)
(0.17255555555555555, 0.16700000000000001, 0.156)
(0.17744444444444443, 0.16700000000000001, 0.16800000000000001)
(0.18155555555555555, 0.17000000000000001, 0.17999999999999999)
(0.186, 0.17799999999999999, 0.189)
(0.191, 0.17899999999999999, 0.19500000000000001)
(0.19533333333333333, 0.184, 0.20200000000000001)
(0.19488888888888889, 0.18099999999999999, 0.20100000000000001)
(0.19155555555555556, 0.17399999999999999, 0.19900000000000001)
(0.18255555555555555, 0.157, 0.19500000000000001)
(0.15344444444444444, 0.13300000000000001, 0.17000000000000001)
(0.11444444444444445, 0.089999999999999997, 0.11700000000000001)
(0.11444444444444445, 0.089999999999999997, 0.11700000000000001)
(0.11444444444444445, 0.089999999999999997, 0.11700000000000001)
(0.11444444444444445, 0.089999999999999997, 0.11700000000000001)
(0.11444444444444445, 0.089999999999999997, 0.11700000000000001)
(0.11444444444444445, 0.089999999999999997, 0.11700000000000001)
(0.11444444444444445, 0.089999999999999997, 0.11700000000000001)
(0.11444444444444445, 0.089999999999999997, 0.11700000000000001)
(0.11444444444444445, 0.089999999999999997, 0.11700000000000001)
(0.11444444444444445, 0.089999999999999997, 0.11700000000000001)
(0.11444444444444445, 0.089999999999999997, 0.11700000000000001)
(0.11444444444444445, 0.089999999999999997, 0.11700000000000001)
(0.11444444444444445, 0.089999999999999997, 0.11700000000000001)
(0.11444444444444445, 0.089999999999999997, 0.11700000000000001)
(0.11444444444444445, 0.089999999999999997, 0.11700000000000001)
(0.11444444444444445, 0.089999999999999997, 0.11700000000000001)
(0.11444444444444445, 0.089999999999999997, 0.11700000000000001)
(0.11444444444444445, 0.089999999999999997, 0.11700000000000001)
(0.11444444444444445, 0.089999999999999997, 0.11700000000000001)
(0.11444444444444445, 0.089999999999999997, 0.11700000000000001)
(0.11444444444444445, 0.089999999999999997, 0.11700000000000001)
(0.11444444444444445, 0.089999999999999997, 0.11700000000000001)
(0.11444444444444445, 0.089999999999999997, 0.11700000000000001)
(0.11444444444444445, 0.089999999999999997, 0.11700000000000001)
(0.11444444444444445, 0.089999999999999997, 0.11700000000000001)
(0.11444444444444445, 0.089999999999999997, 0.11700000000000001)
(0.11444444444444445, 0.089999999999999997, 0.11700000000000001)
(0.11444444444444445, 0.089999999999999997, 0.11700000000000001)
(0.11444444444444445, 0.089999999999999997, 0.11700000000000001)
(0.11444444444444445, 0.089999999999999997, 0.11700000000000001)
(0.11444444444444445, 0.089999999999999997, 0.11700000000000001)
(0.21233333333333335, 0.19500000000000001, 0.21299999999999999)
(0.21155555555555555, 0.19400000000000001, 0.21299999999999999)
(0.21133333333333335, 0.19400000000000001, 0.21199999999999999)
(0.21133333333333335, 0.19400000000000001, 0.21199999999999999)
(0.21122222222222223, 0.19400000000000001, 0.21199999999999999)
(0.21111111111111111, 0.19400000000000001, 0.21099999999999999)
(0.21111111111111111, 0.19400000000000001, 0.21099999999999999)
(0.21099999999999999, 0.19400000000000001, 0.21099999999999999)
(0.21099999999999999, 0.19400000000000001, 0.21099999999999999)
(0.21122222222222223, 0.19500000000000001, 0.21099999999999999)
(0.21133333333333335, 0.19600000000000001, 0.21099999999999999)
(0.21155555555555555, 0.19600000000000001, 0.21099999999999999)
(0.21155555555555555, 0.19700000000000001, 0.21099999999999999)
(0.21188888888888888, 0.19700000000000001, 0.21099999999999999)
(0.21211111111111111, 0.19800000000000001, 0.21099999999999999)
(0.21233333333333335, 0.19800000000000001, 0.21099999999999999)
(0.21244444444444444, 0.19700000000000001, 0.21199999999999999)
(0.21233333333333335, 0.19700000000000001, 0.21199999999999999)
(0.21244444444444444, 0.19700000000000001, 0.21199999999999999)
(0.21277777777777779, 0.19700000000000001, 0.21199999999999999)
(0.21311111111111111, 0.19800000000000001, 0.21199999999999999)
(0.21322222222222223, 0.19800000000000001, 0.21099999999999999)
(0.21311111111111111, 0.19800000000000001, 0.21099999999999999)
(0.21322222222222223, 0.19700000000000001, 0.21099999999999999)
(0.21355555555555555, 0.19700000000000001, 0.21099999999999999)
(0.21355555555555555, 0.19800000000000001, 0.21099999999999999)
(0.21322222222222223, 0.19800000000000001, 0.21099999999999999)
(0.21333333333333335, 0.19800000000000001, 0.21099999999999999)
(0.21366666666666667, 0.19800000000000001, 0.21099999999999999)
(0.21388888888888888, 0.19800000000000001, 0.21099999999999999)
(0.214, 0.19800000000000001, 0.21099999999999999)
(0.21377777777777779, 0.19900000000000001, 0.21099999999999999)
(0.214, 0.19900000000000001, 0.21099999999999999)
(0.21411111111111111, 0.19800000000000001, 0.21099999999999999)
(0.21433333333333332, 0.19800000000000001, 0.21099999999999999)
(0.21444444444444444, 0.19900000000000001, 0.21099999999999999)
(0.21455555555555555, 0.19900000000000001, 0.21099999999999999)
(0.21466666666666667, 0.19900000000000001, 0.21099999999999999)
(0.21522222222222223, 0.20000000000000001, 0.21099999999999999)
(0.21533333333333332, 0.20000000000000001, 0.21099999999999999)
(0.21555555555555556, 0.20000000000000001, 0.21099999999999999)
(0.21555555555555556, 0.20000000000000001, 0.21099999999999999)
(0.21555555555555556, 0.20000000000000001, 0.21099999999999999)
(0.21588888888888888, 0.20000000000000001, 0.21099999999999999)
(0.21588888888888888, 0.20000000000000001, 0.21099999999999999)
(0.21588888888888888, 0.19900000000000001, 0.21099999999999999)
(0.21577777777777779, 0.19900000000000001, 0.21099999999999999)
(0.21566666666666667, 0.19900000000000001, 0.21099999999999999)
(0.21555555555555556, 0.19900000000000001, 0.21099999999999999)
(0.21588888888888888, 0.19900000000000001, 0.21199999999999999)
(0.21588888888888888, 0.19900000000000001, 0.21199999999999999)
(0.21588888888888888, 0.19900000000000001, 0.21199999999999999)
(0.21544444444444444, 0.19900000000000001, 0.21199999999999999)
(0.21544444444444444, 0.20000000000000001, 0.21199999999999999)
(0.21533333333333332, 0.20000000000000001, 0.21199999999999999)
(0.21533333333333332, 0.20000000000000001, 0.21199999999999999)
(0.21544444444444444, 0.20000000000000001, 0.21199999999999999)
(0.21566666666666667, 0.19900000000000001, 0.21199999999999999)
(0.21555555555555556, 0.19800000000000001, 0.21199999999999999)
(0.21577777777777779, 0.19700000000000001, 0.21199999999999999)
(0.21566666666666667, 0.19700000000000001, 0.21199999999999999)
(0.21555555555555556, 0.19700000000000001, 0.21199999999999999)
(0.21555555555555556, 0.19700000000000001, 0.21199999999999999)
(0.21555555555555556, 0.19700000000000001, 0.21199999999999999)
(0.21588888888888888, 0.19700000000000001, 0.21199999999999999)
(0.216, 0.19700000000000001, 0.21199999999999999)
(0.21611111111111111, 0.19700000000000001, 0.21199999999999999)
(0.21611111111111111, 0.19700000000000001, 0.21199999999999999)
(0.216, 0.19700000000000001, 0.21199999999999999)
(0.21588888888888888, 0.19800000000000001, 0.21199999999999999)
(0.21566666666666667, 0.19800000000000001, 0.21199999999999999)
(0.21566666666666667, 0.19800000000000001, 0.21199999999999999)
(0.21577777777777779, 0.19800000000000001, 0.21199999999999999)
(0.21577777777777779, 0.19700000000000001, 0.21199999999999999)
(0.21588888888888888, 0.19700000000000001, 0.21199999999999999)
(0.21566666666666667, 0.19700000000000001, 0.21199999999999999)
(0.216, 0.19700000000000001, 0.21199999999999999)
(0.216, 0.19700000000000001, 0.21199999999999999)
(0.216, 0.19800000000000001, 0.21199999999999999)
(0.21611111111111111, 0.19800000000000001, 0.21199999999999999)
(0.21611111111111111, 0.19800000000000001, 0.21199999999999999)
(0.21633333333333332, 0.19800000000000001, 0.21199999999999999)
(0.21633333333333332, 0.19800000000000001, 0.21199999999999999)
(0.21611111111111111, 0.19800000000000001, 0.21199999999999999)
(0.21611111111111111, 0.19800000000000001, 0.21199999999999999)
(0.21633333333333332, 0.19800000000000001, 0.21199999999999999)
(0.21633333333333332, 0.19800000000000001, 0.21199999999999999)
(0.21633333333333332, 0.19800000000000001, 0.21199999999999999)
(0.21633333333333332, 0.19800000000000001, 0.21199999999999999)
(0.21633333333333332, 0.19800000000000001, 0.21199999999999999)
(0.21666666666666667, 0.19800000000000001, 0.21199999999999999)
(0.21666666666666667, 0.19800000000000001, 0.21299999999999999)
(0.21655555555555556, 0.19800000000000001, 0.21299999999999999)
(0.21666666666666667, 0.19800000000000001, 0.21299999999999999)
(0.21666666666666667, 0.19800000000000001, 0.21299999999999999)
(0.21666666666666667, 0.19800000000000001, 0.21299999999999999)
(0.21666666666666667, 0.19800000000000001, 0.21299999999999999)
(0.21666666666666667, 0.19800000000000001, 0.21299999999999999)
(0.21677777777777779, 0.19800000000000001, 0.21299999999999999)
(0.21666666666666667, 0.19800000000000001, 0.21299999999999999)
(0.21666666666666667, 0.19800000000000001, 0.21299999999999999)
(0.21666666666666667, 0.19800000000000001, 0.21299999999999999)
(0.21655555555555556, 0.19800000000000001, 0.21299999999999999)
(0.21666666666666667, 0.19800000000000001, 0.21299999999999999)
(0.21666666666666667, 0.19800000000000001, 0.21299999999999999)
(0.21655555555555556, 0.19800000000000001, 0.21299999999999999)
(0.21644444444444444, 0.19800000000000001, 0.21299999999999999)
(0.21644444444444444, 0.19800000000000001, 0.21299999999999999)
(0.21644444444444444, 0.19800000000000001, 0.21299999999999999)
(0.21677777777777779, 0.19800000000000001, 0.21299999999999999)
(0.21644444444444444, 0.19900000000000001, 0.21299999999999999)
(0.21644444444444444, 0.19900000000000001, 0.21299999999999999)
(0.21633333333333332, 0.19900000000000001, 0.21299999999999999)
(0.21644444444444444, 0.19900000000000001, 0.21199999999999999)
(0.21666666666666667, 0.19900000000000001, 0.21199999999999999)
(0.21666666666666667, 0.19900000000000001, 0.21199999999999999)
(0.21677777777777779, 0.19900000000000001, 0.21199999999999999)
(0.21666666666666667, 0.19900000000000001, 0.21199999999999999)
(0.21666666666666667, 0.19900000000000001, 0.21199999999999999)
(0.21688888888888888, 0.19900000000000001, 0.21199999999999999)
(0.21688888888888888, 0.19900000000000001, 0.21199999999999999)
(0.217, 0.19900000000000001, 0.21199999999999999)
(0.21666666666666667, 0.19900000000000001, 0.21199999999999999)
(0.21655555555555556, 0.19900000000000001, 0.21199999999999999)
(0.21644444444444444, 0.19900000000000001, 0.21199999999999999)
(0.21622222222222223, 0.19900000000000001, 0.21199999999999999)
(0.21611111111111111, 0.19900000000000001, 0.21099999999999999)
(0.21611111111111111, 0.19900000000000001, 0.21099999999999999)
(0.21611111111111111, 0.19900000000000001, 0.21099999999999999)
(0.21611111111111111, 0.19900000000000001, 0.21099999999999999)
(0.21611111111111111, 0.19900000000000001, 0.21099999999999999)
(0.216, 0.19900000000000001, 0.21099999999999999)
(0.216, 0.19900000000000001, 0.21099999999999999)
(0.216, 0.19900000000000001, 0.21099999999999999)
(0.216, 0.19900000000000001, 0.21099999999999999)
(0.216, 0.19900000000000001, 0.21099999999999999)
(0.216, 0.19900000000000001, 0.21199999999999999)
(0.216, 0.19900000000000001, 0.21199999999999999)
(0.216, 0.19900000000000001, 0.21199999999999999)
(0.21611111111111111, 0.19900000000000001, 0.21199999999999999)
(0.21588888888888888, 0.19900000000000001, 0.21199999999999999)
(0.21577777777777779, 0.19900000000000001, 0.21199999999999999)
(0.21566666666666667, 0.19900000000000001, 0.21199999999999999)
(0.21588888888888888, 0.19900000000000001, 0.21299999999999999)
(0.21588888888888888, 0.19900000000000001, 0.21299999999999999)
(0.21577777777777779, 0.19900000000000001, 0.21299999999999999)
(0.21577777777777779, 0.19900000000000001, 0.21299999999999999)
(0.21577777777777779, 0.19900000000000001, 0.21299999999999999)
(0.21588888888888888, 0.19900000000000001, 0.21299999999999999)
(0.21577777777777779, 0.19900000000000001, 0.21299999999999999)
(0.21577777777777779, 0.19900000000000001, 0.21299999999999999)
(0.21566666666666667, 0.19900000000000001, 0.21299999999999999)
(0.21533333333333332, 0.19900000000000001, 0.21299999999999999)
(0.21533333333333332, 0.19900000000000001, 0.21299999999999999)
(0.21544444444444444, 0.19900000000000001, 0.21299999999999999)
(0.21544444444444444, 0.19900000000000001, 0.21299999999999999)
(0.21522222222222223, 0.19900000000000001, 0.21299999999999999)
(0.21522222222222223, 0.19800000000000001, 0.21299999999999999)
(0.21511111111111111, 0.19800000000000001, 0.21299999999999999)
(0.215, 0.19900000000000001, 0.21299999999999999)
(0.21511111111111111, 0.19900000000000001, 0.21299999999999999)
(0.21522222222222223, 0.19900000000000001, 0.21299999999999999)
(0.21522222222222223, 0.19900000000000001, 0.21299999999999999)
(0.21511111111111111, 0.19900000000000001, 0.21299999999999999)
(0.215, 0.19900000000000001, 0.21299999999999999)
(0.215, 0.19900000000000001, 0.21299999999999999)
(0.21488888888888888, 0.19900000000000001, 0.21299999999999999)
(0.21477777777777779, 0.19900000000000001, 0.21299999999999999)
(0.21488888888888888, 0.19900000000000001, 0.21299999999999999)
(0.21488888888888888, 0.19900000000000001, 0.21299999999999999)
(0.215, 0.19900000000000001, 0.21299999999999999)
(0.21511111111111111, 0.19900000000000001, 0.21299999999999999)
(0.215, 0.19900000000000001, 0.21299999999999999)
(0.215, 0.19900000000000001, 0.21299999999999999)
(0.215, 0.19900000000000001, 0.21299999999999999)
(0.21511111111111111, 0.19900000000000001, 0.21299999999999999)
(0.21511111111111111, 0.19900000000000001, 0.21299999999999999)
(0.21511111111111111, 0.19900000000000001, 0.21299999999999999)
(0.21511111111111111, 0.19900000000000001, 0.21299999999999999)
(0.21511111111111111, 0.19900000000000001, 0.21299999999999999)
(0.21511111111111111, 0.19900000000000001, 0.21299999999999999)
(0.21522222222222223, 0.19900000000000001, 0.21299999999999999)
(0.21511111111111111, 0.19900000000000001, 0.21299999999999999)
(0.21511111111111111, 0.19900000000000001, 0.21299999999999999)
(0.215, 0.19900000000000001, 0.21299999999999999)
(0.215, 0.19900000000000001, 0.21299999999999999)
(0.215, 0.19900000000000001, 0.21299999999999999)
(0.215, 0.19900000000000001, 0.21299999999999999)
(0.21511111111111111, 0.19900000000000001, 0.21299999999999999)
(0.215, 0.20000000000000001, 0.21299999999999999)
(0.21511111111111111, 0.20000000000000001, 0.21299999999999999)
(0.21511111111111111, 0.20000000000000001, 0.21299999999999999)
(0.21511111111111111, 0.20100000000000001, 0.21199999999999999)
(0.21511111111111111, 0.20100000000000001, 0.21199999999999999)
(0.21533333333333332, 0.20100000000000001, 0.21199999999999999)
(0.21533333333333332, 0.20100000000000001, 0.21199999999999999)
(0.21544444444444444, 0.20100000000000001, 0.21199999999999999)
(0.21533333333333332, 0.20100000000000001, 0.21199999999999999)
(0.21533333333333332, 0.20100000000000001, 0.21199999999999999)
(0.21533333333333332, 0.20100000000000001, 0.21199999999999999)
(0.21533333333333332, 0.20100000000000001, 0.21199999999999999)
(0.21533333333333332, 0.20100000000000001, 0.21199999999999999)
(0.21533333333333332, 0.20200000000000001, 0.21199999999999999)
(0.21533333333333332, 0.20200000000000001, 0.21199999999999999)
(0.21522222222222223, 0.20200000000000001, 0.21199999999999999)
(0.21522222222222223, 0.20200000000000001, 0.21199999999999999)
(0.21522222222222223, 0.20200000000000001, 0.21199999999999999)
(0.21533333333333332, 0.20200000000000001, 0.21199999999999999)
(0.21533333333333332, 0.20200000000000001, 0.21199999999999999)
(0.21533333333333332, 0.20200000000000001, 0.21199999999999999)
(0.21533333333333332, 0.20200000000000001, 0.21199999999999999)
(0.21533333333333332, 0.20200000000000001, 0.21199999999999999)
(0.21533333333333332, 0.20200000000000001, 0.21199999999999999)
(0.21533333333333332, 0.20200000000000001, 0.21199999999999999)
(0.21544444444444444, 0.20200000000000001, 0.21199999999999999)
(0.21544444444444444, 0.20100000000000001, 0.21199999999999999)
(0.21544444444444444, 0.20200000000000001, 0.21199999999999999)
(0.21544444444444444, 0.20200000000000001, 0.21199999999999999)
(0.21544444444444444, 0.20200000000000001, 0.21199999999999999)
(0.21533333333333332, 0.20200000000000001, 0.21199999999999999)
(0.21544444444444444, 0.20200000000000001, 0.21199999999999999)
(0.21544444444444444, 0.20100000000000001, 0.21199999999999999)
(0.21544444444444444, 0.20100000000000001, 0.21199999999999999)
(0.21544444444444444, 0.20100000000000001, 0.21199999999999999)
(0.21544444444444444, 0.20100000000000001, 0.21199999999999999)
(0.21533333333333332, 0.20100000000000001, 0.21199999999999999)
(0.21533333333333332, 0.20100000000000001, 0.21199999999999999)
(0.21533333333333332, 0.20100000000000001, 0.21199999999999999)
(0.21533333333333332, 0.20000000000000001, 0.21199999999999999)
(0.21522222222222223, 0.20000000000000001, 0.21199999999999999)
(0.21522222222222223, 0.20000000000000001, 0.21199999999999999)
(0.21522222222222223, 0.20000000000000001, 0.21199999999999999)
(0.21522222222222223, 0.20000000000000001, 0.21199999999999999)
(0.21522222222222223, 0.20000000000000001, 0.21199999999999999)
(0.215, 0.20000000000000001, 0.21199999999999999)
(0.215, 0.20000000000000001, 0.21199999999999999)
(0.21477777777777779, 0.20000000000000001, 0.21199999999999999)
(0.21477777777777779, 0.20000000000000001, 0.21199999999999999)
(0.21466666666666667, 0.20000000000000001, 0.21199999999999999)
(0.21466666666666667, 0.20000000000000001, 0.21199999999999999)
(0.21455555555555555, 0.19900000000000001, 0.21199999999999999)
(0.21455555555555555, 0.19900000000000001, 0.21199999999999999)
(0.21455555555555555, 0.19900000000000001, 0.21199999999999999)
(0.21455555555555555, 0.19900000000000001, 0.21199999999999999)
(0.21455555555555555, 0.19900000000000001, 0.21199999999999999)
(0.21466666666666667, 0.19900000000000001, 0.21199999999999999)
(0.21466666666666667, 0.19900000000000001, 0.21199999999999999)
(0.21466666666666667, 0.19900000000000001, 0.21199999999999999)
(0.21466666666666667, 0.19900000000000001, 0.21199999999999999)
(0.21466666666666667, 0.19900000000000001, 0.21199999999999999)
(0.21455555555555555, 0.19900000000000001, 0.21199999999999999)
(0.21455555555555555, 0.19900000000000001, 0.21199999999999999)
(0.21455555555555555, 0.19800000000000001, 0.21199999999999999)
(0.21455555555555555, 0.19800000000000001, 0.21199999999999999)
(0.21466666666666667, 0.19800000000000001, 0.21199999999999999)
(0.21466666666666667, 0.19800000000000001, 0.21199999999999999)
(0.21466666666666667, 0.19800000000000001, 0.21199999999999999)
(0.21466666666666667, 0.19800000000000001, 0.21199999999999999)
(0.21466666666666667, 0.19800000000000001, 0.21199999999999999)
(0.21455555555555555, 0.19800000000000001, 0.21199999999999999)
(0.21455555555555555, 0.19800000000000001, 0.21199999999999999)
(0.21455555555555555, 0.19800000000000001, 0.21199999999999999)
(0.21455555555555555, 0.19800000000000001, 0.21199999999999999)
(0.21444444444444444, 0.19800000000000001, 0.21199999999999999)
(0.21444444444444444, 0.19800000000000001, 0.21199999999999999)
(0.21455555555555555, 0.19800000000000001, 0.21199999999999999)
(0.21455555555555555, 0.19800000000000001, 0.21199999999999999)
(0.21455555555555555, 0.19800000000000001, 0.21199999999999999)
(0.21444444444444444, 0.19800000000000001, 0.21199999999999999)
(0.21455555555555555, 0.19800000000000001, 0.21199999999999999)
(0.21455555555555555, 0.19800000000000001, 0.21199999999999999)
(0.21455555555555555, 0.19800000000000001, 0.21199999999999999)
(0.21455555555555555, 0.19800000000000001, 0.21199999999999999)
(0.21455555555555555, 0.19800000000000001, 0.21199999999999999)
(0.21466666666666667, 0.19800000000000001, 0.21199999999999999)
(0.21466666666666667, 0.19800000000000001, 0.21199999999999999)
(0.21466666666666667, 0.19800000000000001, 0.21199999999999999)
(0.21466666666666667, 0.19800000000000001, 0.21199999999999999)
(0.21477777777777779, 0.19800000000000001, 0.21199999999999999)
(0.21477777777777779, 0.19800000000000001, 0.21199999999999999)
(0.21466666666666667, 0.19800000000000001, 0.21199999999999999)
(0.21466666666666667, 0.19800000000000001, 0.21199999999999999)
(0.21466666666666667, 0.19800000000000001, 0.21199999999999999)
(0.21477777777777779, 0.19800000000000001, 0.21199999999999999)
(0.21477777777777779, 0.19800000000000001, 0.21199999999999999)
(0.21477777777777779, 0.19800000000000001, 0.21199999999999999)
(0.21466666666666667, 0.19800000000000001, 0.21199999999999999)
(0.21466666666666667, 0.19800000000000001, 0.21199999999999999)
(0.21466666666666667, 0.19800000000000001, 0.21199999999999999)
(0.21466666666666667, 0.19800000000000001, 0.21199999999999999)
(0.21477777777777779, 0.19800000000000001, 0.21199999999999999)
(0.21477777777777779, 0.19800000000000001, 0.21199999999999999)
(0.21477777777777779, 0.19800000000000001, 0.21199999999999999)
(0.21466666666666667, 0.19800000000000001, 0.21199999999999999)
(0.21466666666666667, 0.19800000000000001, 0.21199999999999999)
(0.21466666666666667, 0.19800000000000001, 0.21199999999999999)
(0.21466666666666667, 0.19800000000000001, 0.21099999999999999)
(0.21466666666666667, 0.19800000000000001, 0.21099999999999999)
(0.21466666666666667, 0.19800000000000001, 0.21099999999999999)
(0.21466666666666667, 0.19800000000000001, 0.21099999999999999)
(0.21455555555555555, 0.19800000000000001, 0.21099999999999999)
(0.21455555555555555, 0.19800000000000001, 0.21099999999999999)
(0.21455555555555555, 0.19800000000000001, 0.21099999999999999)
(0.21455555555555555, 0.19800000000000001, 0.21099999999999999)
(0.21466666666666667, 0.19800000000000001, 0.21099999999999999)
(0.21466666666666667, 0.19700000000000001, 0.21099999999999999)
(0.21466666666666667, 0.19700000000000001, 0.21099999999999999)
(0.21466666666666667, 0.19700000000000001, 0.21099999999999999)
(0.21466666666666667, 0.19700000000000001, 0.21099999999999999)
(0.21466666666666667, 0.19700000000000001, 0.21099999999999999)
(0.21466666666666667, 0.19700000000000001, 0.21099999999999999)
(0.21466666666666667, 0.19700000000000001, 0.21099999999999999)
(0.21466666666666667, 0.19700000000000001, 0.21099999999999999)
(0.21466666666666667, 0.19700000000000001, 0.21099999999999999)
(0.21444444444444444, 0.19700000000000001, 0.21099999999999999)
(0.21455555555555555, 0.19700000000000001, 0.21099999999999999)
(0.21466666666666667, 0.19700000000000001, 0.21099999999999999)
(0.21466666666666667, 0.19700000000000001, 0.21099999999999999)
(0.21466666666666667, 0.19700000000000001, 0.21099999999999999)
(0.21477777777777779, 0.19700000000000001, 0.21099999999999999)
(0.21477777777777779, 0.19700000000000001, 0.21099999999999999)
(0.21488888888888888, 0.19700000000000001, 0.21099999999999999)
(0.21488888888888888, 0.19700000000000001, 0.21099999999999999)
(0.21477777777777779, 0.19700000000000001, 0.21099999999999999)
(0.21477777777777779, 0.19700000000000001, 0.21099999999999999)
(0.21466666666666667, 0.19700000000000001, 0.21099999999999999)
(0.21466666666666667, 0.19800000000000001, 0.21099999999999999)
(0.21466666666666667, 0.19800000000000001, 0.21199999999999999)
(0.21455555555555555, 0.19800000000000001, 0.21199999999999999)
(0.21455555555555555, 0.19800000000000001, 0.21199999999999999)
(0.21455555555555555, 0.19700000000000001, 0.21199999999999999)
(0.21455555555555555, 0.19700000000000001, 0.21199999999999999)
(0.21444444444444444, 0.19700000000000001, 0.21199999999999999)
(0.21433333333333332, 0.19800000000000001, 0.21199999999999999)
(0.21422222222222223, 0.19700000000000001, 0.21199999999999999)
(0.21422222222222223, 0.19800000000000001, 0.21199999999999999)
(0.21411111111111111, 0.19800000000000001, 0.21199999999999999)
(0.21411111111111111, 0.19800000000000001, 0.21199999999999999)
(0.214, 0.19800000000000001, 0.21199999999999999)
(0.214, 0.19900000000000001, 0.21199999999999999)
(0.214, 0.19900000000000001, 0.21199999999999999)
(0.214, 0.19900000000000001, 0.21199999999999999)
(0.214, 0.19900000000000001, 0.21199999999999999)
(0.214, 0.19900000000000001, 0.21199999999999999)
(0.214, 0.19900000000000001, 0.21199999999999999)
(0.21377777777777779, 0.19900000000000001, 0.21199999999999999)
(0.21388888888888888, 0.19900000000000001, 0.21199999999999999)
(0.214, 0.19900000000000001, 0.21199999999999999)
(0.214, 0.19900000000000001, 0.21199999999999999)
(0.214, 0.19900000000000001, 0.21099999999999999)
(0.21411111111111111, 0.19900000000000001, 0.21099999999999999)
(0.214, 0.19900000000000001, 0.21099999999999999)
(0.214, 0.19900000000000001, 0.21099999999999999)
(0.214, 0.19900000000000001, 0.21099999999999999)
(0.214, 0.19900000000000001, 0.21099999999999999)
(0.214, 0.20000000000000001, 0.21099999999999999)
(0.214, 0.20000000000000001, 0.21099999999999999)
(0.214, 0.20000000000000001, 0.21099999999999999)
(0.214, 0.20000000000000001, 0.21099999999999999)
(0.21388888888888888, 0.20000000000000001, 0.21099999999999999)
(0.21388888888888888, 0.20000000000000001, 0.21099999999999999)
(0.21388888888888888, 0.20000000000000001, 0.21099999999999999)
(0.21388888888888888, 0.19900000000000001, 0.21099999999999999)
(0.21388888888888888, 0.19900000000000001, 0.21099999999999999)
(0.21388888888888888, 0.19900000000000001, 0.21099999999999999)
(0.21388888888888888, 0.19900000000000001, 0.21099999999999999)
(0.21388888888888888, 0.19900000000000001, 0.21099999999999999)
(0.214, 0.19900000000000001, 0.21099999999999999)
(0.214, 0.19900000000000001, 0.21099999999999999)
(0.214, 0.19900000000000001, 0.21099999999999999)
(0.21411111111111111, 0.19900000000000001, 0.21099999999999999)
(0.21411111111111111, 0.19900000000000001, 0.21099999999999999)
(0.21411111111111111, 0.19900000000000001, 0.21099999999999999)
(0.21411111111111111, 0.19900000000000001, 0.21099999999999999)
(0.21411111111111111, 0.19900000000000001, 0.21099999999999999)
(0.21411111111111111, 0.19900000000000001, 0.21099999999999999)
(0.21411111111111111, 0.19900000000000001, 0.21099999999999999)
(0.21411111111111111, 0.19900000000000001, 0.21099999999999999)
(0.21411111111111111, 0.19900000000000001, 0.21099999999999999)
(0.21411111111111111, 0.19900000000000001, 0.21099999999999999)
(0.21411111111111111, 0.19900000000000001, 0.21099999999999999)
(0.21411111111111111, 0.19900000000000001, 0.20999999999999999)
(0.214, 0.19900000000000001, 0.20999999999999999)
(0.214, 0.19900000000000001, 0.20999999999999999)
(0.214, 0.19900000000000001, 0.20999999999999999)
(0.214, 0.19900000000000001, 0.20999999999999999)
(0.214, 0.19900000000000001, 0.20999999999999999)
(0.214, 0.19900000000000001, 0.20999999999999999)
(0.21388888888888888, 0.19900000000000001, 0.20999999999999999)
(0.21388888888888888, 0.19900000000000001, 0.20999999999999999)
(0.21388888888888888, 0.19900000000000001, 0.20999999999999999)
(0.21388888888888888, 0.19900000000000001, 0.20999999999999999)
(0.21377777777777779, 0.19900000000000001, 0.20999999999999999)
(0.21366666666666667, 0.19900000000000001, 0.20999999999999999)
(0.21366666666666667, 0.19900000000000001, 0.20999999999999999)
(0.21366666666666667, 0.19900000000000001, 0.20999999999999999)
(0.21366666666666667, 0.19900000000000001, 0.20999999999999999)
(0.21366666666666667, 0.19900000000000001, 0.20999999999999999)
(0.21366666666666667, 0.19900000000000001, 0.20999999999999999)
(0.21366666666666667, 0.19900000000000001, 0.20999999999999999)
(0.21377777777777779, 0.19900000000000001, 0.20999999999999999)
(0.21377777777777779, 0.19900000000000001, 0.20999999999999999)
(0.21366666666666667, 0.19900000000000001, 0.20999999999999999)
(0.21366666666666667, 0.19900000000000001, 0.20999999999999999)
(0.21355555555555555, 0.19900000000000001, 0.20999999999999999)
(0.21355555555555555, 0.19900000000000001, 0.21099999999999999)
(0.21366666666666667, 0.19900000000000001, 0.21099999999999999)
(0.21366666666666667, 0.19900000000000001, 0.21099999999999999)
(0.21366666666666667, 0.19900000000000001, 0.21099999999999999)
(0.21366666666666667, 0.19900000000000001, 0.21099999999999999)
(0.21366666666666667, 0.19900000000000001, 0.21099999999999999)
(0.21366666666666667, 0.19900000000000001, 0.21099999999999999)
(0.21366666666666667, 0.19900000000000001, 0.20999999999999999)
(0.21366666666666667, 0.19900000000000001, 0.21099999999999999)
(0.21344444444444444, 0.19900000000000001, 0.21099999999999999)
(0.21333333333333335, 0.19900000000000001, 0.21099999999999999)
(0.21322222222222223, 0.19900000000000001, 0.21099999999999999)
(0.21377777777777779, 0.19800000000000001, 0.20999999999999999)
(0.21366666666666667, 0.19900000000000001, 0.20999999999999999)
(0.21311111111111111, 0.19900000000000001, 0.21099999999999999)
(0.21355555555555555, 0.19800000000000001, 0.21099999999999999)
(0.21366666666666667, 0.19900000000000001, 0.20999999999999999)
(0.21355555555555555, 0.19900000000000001, 0.20999999999999999)
(0.21355555555555555, 0.19900000000000001, 0.20999999999999999)
(0.21377777777777779, 0.19800000000000001, 0.21099999999999999)
(0.21377777777777779, 0.19800000000000001, 0.20999999999999999)
(0.21366666666666667, 0.19800000000000001, 0.21099999999999999)
(0.21388888888888888, 0.19700000000000001, 0.20999999999999999)
(0.21377777777777779, 0.19800000000000001, 0.20999999999999999)
(0.21344444444444444, 0.19800000000000001, 0.20999999999999999)
(0.21344444444444444, 0.19900000000000001, 0.21099999999999999)
(0.21355555555555555, 0.19800000000000001, 0.21099999999999999)
(0.21366666666666667, 0.19900000000000001, 0.20999999999999999)
(0.21366666666666667, 0.19800000000000001, 0.20999999999999999)
(0.21366666666666667, 0.19800000000000001, 0.21099999999999999)
(0.21377777777777779, 0.19800000000000001, 0.20999999999999999)
(0.21355555555555555, 0.19900000000000001, 0.21099999999999999)
(0.21355555555555555, 0.19900000000000001, 0.20999999999999999)
(0.21333333333333335, 0.19800000000000001, 0.21099999999999999)
(0.21377777777777779, 0.19900000000000001, 0.20999999999999999)
(0.21355555555555555, 0.19700000000000001, 0.21099999999999999)
(0.21344444444444444, 0.19800000000000001, 0.20999999999999999)
(0.21366666666666667, 0.19800000000000001, 0.20999999999999999)
(0.21355555555555555, 0.19800000000000001, 0.20999999999999999)
(0.21355555555555555, 0.19700000000000001, 0.21099999999999999)
(0.21366666666666667, 0.19800000000000001, 0.20999999999999999)
(0.21355555555555555, 0.19700000000000001, 0.21099999999999999)
(0.21377777777777779, 0.19900000000000001, 0.20999999999999999)
(0.21344444444444444, 0.19600000000000001, 0.21099999999999999)
(0.21388888888888888, 0.19700000000000001, 0.20999999999999999)
(0.21322222222222223, 0.19900000000000001, 0.20999999999999999)
(0.21377777777777779, 0.19600000000000001, 0.21099999999999999)
(0.21366666666666667, 0.19700000000000001, 0.21099999999999999)
(0.21355555555555555, 0.19700000000000001, 0.20999999999999999)
(0.21355555555555555, 0.19600000000000001, 0.20999999999999999)
(0.21355555555555555, 0.19700000000000001, 0.21099999999999999)
(0.21377777777777779, 0.19700000000000001, 0.20999999999999999)
(0.21344444444444444, 0.19600000000000001, 0.21099999999999999)
(0.21355555555555555, 0.19800000000000001, 0.20999999999999999)
(0.21366666666666667, 0.19600000000000001, 0.20999999999999999)
(0.21344444444444444, 0.19600000000000001, 0.20999999999999999)
(0.21344444444444444, 0.19700000000000001, 0.21099999999999999)
(0.21366666666666667, 0.19700000000000001, 0.21099999999999999)
(0.21344444444444444, 0.19700000000000001, 0.21099999999999999)
(0.21322222222222223, 0.19600000000000001, 0.21099999999999999)
(0.21344444444444444, 0.19800000000000001, 0.20999999999999999)
(0.21344444444444444, 0.19500000000000001, 0.21099999999999999)
(0.21344444444444444, 0.19900000000000001, 0.20999999999999999)
(0.21355555555555555, 0.19900000000000001, 0.20999999999999999)
(0.21377777777777779, 0.19800000000000001, 0.20999999999999999)
(0.21377777777777779, 0.19600000000000001, 0.20999999999999999)
(0.21355555555555555, 0.19700000000000001, 0.20999999999999999)
(0.21333333333333335, 0.19800000000000001, 0.20999999999999999)
(0.21311111111111111, 0.19700000000000001, 0.20999999999999999)
(0.21344444444444444, 0.19700000000000001, 0.20999999999999999)
(0.21355555555555555, 0.19800000000000001, 0.20999999999999999)
(0.21311111111111111, 0.19600000000000001, 0.20999999999999999)
(0.21355555555555555, 0.19800000000000001, 0.20999999999999999)
(0.21344444444444444, 0.19700000000000001, 0.20999999999999999)
(0.21355555555555555, 0.19800000000000001, 0.20999999999999999)
(0.21377777777777779, 0.19600000000000001, 0.21099999999999999)
(0.21344444444444444, 0.19800000000000001, 0.21099999999999999)
(0.21333333333333335, 0.19700000000000001, 0.20999999999999999)
(0.21366666666666667, 0.19500000000000001, 0.21099999999999999)
(0.21322222222222223, 0.19400000000000001, 0.21099999999999999)
(0.21355555555555555, 0.19700000000000001, 0.21099999999999999)
(0.21355555555555555, 0.19800000000000001, 0.20999999999999999)
(0.21333333333333335, 0.19400000000000001, 0.21099999999999999)
(0.21355555555555555, 0.19800000000000001, 0.20999999999999999)
(0.21355555555555555, 0.19700000000000001, 0.21099999999999999)
(0.21355555555555555, 0.19600000000000001, 0.21099999999999999)
(0.21366666666666667, 0.19800000000000001, 0.20999999999999999)
(0.21344444444444444, 0.19800000000000001, 0.20999999999999999)
(0.21388888888888888, 0.19600000000000001, 0.21099999999999999)
(0.21355555555555555, 0.19800000000000001, 0.21099999999999999)
(0.21344444444444444, 0.19700000000000001, 0.21099999999999999)
(0.21322222222222223, 0.19500000000000001, 0.21099999999999999)
(0.21344444444444444, 0.19400000000000001, 0.21099999999999999)
(0.21366666666666667, 0.19600000000000001, 0.20999999999999999)
(0.21366666666666667, 0.19500000000000001, 0.21099999999999999)
(0.21299999999999999, 0.19400000000000001, 0.21099999999999999)
(0.21333333333333335, 0.19700000000000001, 0.20999999999999999)
(0.21333333333333335, 0.19600000000000001, 0.21099999999999999)
(0.21311111111111111, 0.19700000000000001, 0.20999999999999999)
(0.21299999999999999, 0.19900000000000001, 0.20999999999999999)
(0.21322222222222223, 0.19800000000000001, 0.20999999999999999)
(0.21333333333333335, 0.19800000000000001, 0.20999999999999999)
(0.21333333333333335, 0.19800000000000001, 0.20999999999999999)
(0.21355555555555555, 0.19800000000000001, 0.21099999999999999)
(0.21333333333333335, 0.19600000000000001, 0.20999999999999999)
(0.21288888888888888, 0.19700000000000001, 0.20999999999999999)
(0.21377777777777779, 0.19400000000000001, 0.20999999999999999)
(0.21311111111111111, 0.19900000000000001, 0.20999999999999999)
(0.21355555555555555, 0.19500000000000001, 0.20999999999999999)
(0.21333333333333335, 0.19900000000000001, 0.20999999999999999)
(0.21322222222222223, 0.19800000000000001, 0.20999999999999999)
(0.21344444444444444, 0.19500000000000001, 0.21099999999999999)
(0.21355555555555555, 0.19600000000000001, 0.21099999999999999)
(0.21322222222222223, 0.19700000000000001, 0.20999999999999999)
(0.21355555555555555, 0.19600000000000001, 0.20999999999999999)
(0.21299999999999999, 0.19700000000000001, 0.21099999999999999)
(0.21322222222222223, 0.19700000000000001, 0.20999999999999999)
(0.21299999999999999, 0.19600000000000001, 0.20999999999999999)
(0.21322222222222223, 0.19700000000000001, 0.20999999999999999)
(0.21322222222222223, 0.19700000000000001, 0.20999999999999999)
(0.21322222222222223, 0.19700000000000001, 0.20999999999999999)
(0.21311111111111111, 0.19600000000000001, 0.20999999999999999)
(0.21333333333333335, 0.19600000000000001, 0.20999999999999999)
(0.21344444444444444, 0.19700000000000001, 0.20999999999999999)
(0.21288888888888888, 0.19700000000000001, 0.21099999999999999)
(0.21333333333333335, 0.19600000000000001, 0.20999999999999999)
(0.21333333333333335, 0.19800000000000001, 0.20999999999999999)
(0.21288888888888888, 0.19700000000000001, 0.21099999999999999)
(0.21322222222222223, 0.19600000000000001, 0.20999999999999999)
(0.21311111111111111, 0.19700000000000001, 0.20999999999999999)
(0.21311111111111111, 0.19500000000000001, 0.21099999999999999)
(0.21322222222222223, 0.19600000000000001, 0.21099999999999999)
(0.21311111111111111, 0.19500000000000001, 0.21099999999999999)
(0.21322222222222223, 0.19700000000000001, 0.20999999999999999)
(0.21311111111111111, 0.19600000000000001, 0.21099999999999999)
(0.21277777777777779, 0.19500000000000001, 0.21099999999999999)
(0.21311111111111111, 0.19500000000000001, 0.21099999999999999)
(0.21299999999999999, 0.19500000000000001, 0.21099999999999999)
(0.21311111111111111, 0.19700000000000001, 0.21099999999999999)
(0.21333333333333335, 0.19800000000000001, 0.21199999999999999)
(0.21299999999999999, 0.19800000000000001, 0.21099999999999999)
(0.21322222222222223, 0.19800000000000001, 0.21099999999999999)
(0.21299999999999999, 0.19700000000000001, 0.20999999999999999)
(0.21277777777777779, 0.19700000000000001, 0.21099999999999999)
(0.21299999999999999, 0.19600000000000001, 0.21099999999999999)
(0.21299999999999999, 0.19800000000000001, 0.21099999999999999)
(0.21288888888888888, 0.19700000000000001, 0.20999999999999999)
(0.21277777777777779, 0.19800000000000001, 0.21099999999999999)
(0.21299999999999999, 0.19800000000000001, 0.20999999999999999)
(0.21311111111111111, 0.19800000000000001, 0.21099999999999999)
(0.21299999999999999, 0.19500000000000001, 0.21099999999999999)
(0.21288888888888888, 0.19700000000000001, 0.21099999999999999)
(0.21311111111111111, 0.19800000000000001, 0.20999999999999999)
(0.21299999999999999, 0.19600000000000001, 0.21099999999999999)
(0.21277777777777779, 0.19700000000000001, 0.20999999999999999)
(0.21299999999999999, 0.19500000000000001, 0.20999999999999999)
(0.21277777777777779, 0.19800000000000001, 0.21099999999999999)
(0.21311111111111111, 0.19800000000000001, 0.20999999999999999)
(0.21277777777777779, 0.19500000000000001, 0.20999999999999999)
(0.21277777777777779, 0.19700000000000001, 0.21099999999999999)
(0.21299999999999999, 0.19800000000000001, 0.20999999999999999)
(0.21288888888888888, 0.19800000000000001, 0.20999999999999999)
(0.21299999999999999, 0.19700000000000001, 0.21099999999999999)
(0.21322222222222223, 0.19800000000000001, 0.21099999999999999)
(0.21288888888888888, 0.19800000000000001, 0.21099999999999999)
(0.21266666666666667, 0.19700000000000001, 0.20999999999999999)
(0.21277777777777779, 0.19800000000000001, 0.21099999999999999)
(0.21266666666666667, 0.19700000000000001, 0.21099999999999999)
(0.21288888888888888, 0.19600000000000001, 0.21099999999999999)
(0.21277777777777779, 0.19600000000000001, 0.20999999999999999)
(0.21277777777777779, 0.19700000000000001, 0.20999999999999999)
(0.21277777777777779, 0.19500000000000001, 0.20999999999999999)
(0.21288888888888888, 0.19700000000000001, 0.21099999999999999)
(0.21277777777777779, 0.19600000000000001, 0.21099999999999999)
(0.21299999999999999, 0.19500000000000001, 0.20899999999999999)
(0.21288888888888888, 0.19800000000000001, 0.21099999999999999)
(0.21288888888888888, 0.19700000000000001, 0.21099999999999999)
(0.21277777777777779, 0.19600000000000001, 0.21099999999999999)
(0.21288888888888888, 0.19400000000000001, 0.20999999999999999)
(0.21277777777777779, 0.19400000000000001, 0.20999999999999999)
(0.21277777777777779, 0.19600000000000001, 0.21099999999999999)
(0.21299999999999999, 0.19600000000000001, 0.20999999999999999)
(0.21277777777777779, 0.19500000000000001, 0.20999999999999999)
(0.21277777777777779, 0.19600000000000001, 0.21099999999999999)
(0.21266666666666667, 0.19800000000000001, 0.20999999999999999)
(0.21299999999999999, 0.19600000000000001, 0.21099999999999999)
(0.21277777777777779, 0.19600000000000001, 0.20999999999999999)
(0.21299999999999999, 0.19500000000000001, 0.21099999999999999)
(0.21277777777777779, 0.19600000000000001, 0.21099999999999999)
(0.21311111111111111, 0.19800000000000001, 0.20999999999999999)
(0.21288888888888888, 0.19600000000000001, 0.21099999999999999)
(0.21322222222222223, 0.19800000000000001, 0.21099999999999999)
(0.21288888888888888, 0.19600000000000001, 0.20999999999999999)
(0.21299999999999999, 0.19600000000000001, 0.21099999999999999)
(0.21288888888888888, 0.19600000000000001, 0.21099999999999999)
(0.21299999999999999, 0.19500000000000001, 0.21099999999999999)
(0.21277777777777779, 0.19600000000000001, 0.20899999999999999)
(0.21299999999999999, 0.19500000000000001, 0.20999999999999999)
(0.21288888888888888, 0.19700000000000001, 0.20999999999999999)
(0.21311111111111111, 0.19800000000000001, 0.20999999999999999)
(0.21299999999999999, 0.19500000000000001, 0.20999999999999999)
(0.21266666666666667, 0.19600000000000001, 0.21099999999999999)
(0.21288888888888888, 0.19600000000000001, 0.21099999999999999)
(0.21322222222222223, 0.19600000000000001, 0.21099999999999999)
(0.21299999999999999, 0.19500000000000001, 0.20999999999999999)
(0.21266666666666667, 0.19700000000000001, 0.20999999999999999)
(0.21299999999999999, 0.193, 0.20899999999999999)
(0.21277777777777779, 0.19600000000000001, 0.21099999999999999)
(0.21299999999999999, 0.19600000000000001, 0.21099999999999999)
(0.21311111111111111, 0.19600000000000001, 0.20999999999999999)
(0.21255555555555555, 0.193, 0.20999999999999999)
(0.21277777777777779, 0.19500000000000001, 0.20999999999999999)
(0.21266666666666667, 0.19400000000000001, 0.20899999999999999)
(0.21277777777777779, 0.19400000000000001, 0.20899999999999999)
(0.21299999999999999, 0.19400000000000001, 0.20999999999999999)
(0.21277777777777779, 0.19500000000000001, 0.20999999999999999)
(0.21322222222222223, 0.19500000000000001, 0.20999999999999999)
(0.21322222222222223, 0.19600000000000001, 0.20899999999999999)
(0.21255555555555555, 0.19400000000000001, 0.20999999999999999)
(0.21266666666666667, 0.19400000000000001, 0.20999999999999999)
(0.21288888888888888, 0.19400000000000001, 0.20899999999999999)
(0.21277777777777779, 0.19400000000000001, 0.20999999999999999)
(0.21277777777777779, 0.19600000000000001, 0.20999999999999999)
(0.21299999999999999, 0.19500000000000001, 0.20999999999999999)
(0.21299999999999999, 0.19500000000000001, 0.20999999999999999)
(0.21299999999999999, 0.19500000000000001, 0.20999999999999999)
(0.21277777777777779, 0.19800000000000001, 0.20999999999999999)
(0.21288888888888888, 0.19600000000000001, 0.21099999999999999)
(0.21277777777777779, 0.19600000000000001, 0.21099999999999999)
(0.21299999999999999, 0.19800000000000001, 0.20999999999999999)
(0.21311111111111111, 0.19500000000000001, 0.20999999999999999)
(0.21277777777777779, 0.19600000000000001, 0.21099999999999999)
(0.21288888888888888, 0.19500000000000001, 0.20999999999999999)
(0.21288888888888888, 0.19400000000000001, 0.20999999999999999)
(0.21299999999999999, 0.19600000000000001, 0.20899999999999999)
(0.21299999999999999, 0.19600000000000001, 0.20899999999999999)
(0.21277777777777779, 0.19500000000000001, 0.20899999999999999)
(0.21299999999999999, 0.19400000000000001, 0.20999999999999999)
(0.21288888888888888, 0.19800000000000001, 0.20999999999999999)
(0.21277777777777779, 0.19600000000000001, 0.20999999999999999)
(0.21288888888888888, 0.19600000000000001, 0.20899999999999999)
(0.21255555555555555, 0.19800000000000001, 0.20899999999999999)
(0.21277777777777779, 0.19600000000000001, 0.20899999999999999)
(0.21299999999999999, 0.19600000000000001, 0.20999999999999999)
(0.21299999999999999, 0.19500000000000001, 0.20899999999999999)
(0.21311111111111111, 0.19600000000000001, 0.20999999999999999)
(0.21322222222222223, 0.19800000000000001, 0.20899999999999999)
(0.21322222222222223, 0.193, 0.20999999999999999)
(0.21311111111111111, 0.19500000000000001, 0.20899999999999999)
(0.21322222222222223, 0.19400000000000001, 0.20899999999999999)
(0.21288888888888888, 0.19600000000000001, 0.20899999999999999)
(0.21288888888888888, 0.193, 0.20899999999999999)
(0.21311111111111111, 0.19400000000000001, 0.20999999999999999)
(0.21333333333333335, 0.19500000000000001, 0.20999999999999999)
(0.21288888888888888, 0.19500000000000001, 0.20999999999999999)
(0.21288888888888888, 0.19400000000000001, 0.20999999999999999)
(0.21311111111111111, 0.19400000000000001, 0.20899999999999999)
(0.21288888888888888, 0.19600000000000001, 0.20999999999999999)
(0.21311111111111111, 0.193, 0.20899999999999999)
(0.21311111111111111, 0.19500000000000001, 0.20899999999999999)
(0.21299999999999999, 0.19800000000000001, 0.21199999999999999)
(0.21311111111111111, 0.193, 0.20899999999999999)
(0.21322222222222223, 0.193, 0.20999999999999999)
(0.21311111111111111, 0.19500000000000001, 0.20999999999999999)
(0.21288888888888888, 0.19700000000000001, 0.21099999999999999)
(0.21277777777777779, 0.19400000000000001, 0.20999999999999999)
(0.21322222222222223, 0.19500000000000001, 0.21099999999999999)
(0.21299999999999999, 0.19700000000000001, 0.21199999999999999)
(0.21299999999999999, 0.19800000000000001, 0.21099999999999999)
(0.21322222222222223, 0.19500000000000001, 0.21099999999999999)
(0.21299999999999999, 0.19500000000000001, 0.21099999999999999)
(0.21288888888888888, 0.19600000000000001, 0.21199999999999999)
(0.21299999999999999, 0.19500000000000001, 0.21199999999999999)
(0.21311111111111111, 0.19500000000000001, 0.21099999999999999)
(0.21299999999999999, 0.19500000000000001, 0.21099999999999999)
(0.21299999999999999, 0.19500000000000001, 0.21099999999999999)
(0.21299999999999999, 0.19500000000000001, 0.20999999999999999)
(0.21277777777777779, 0.19500000000000001, 0.21099999999999999)
(0.21311111111111111, 0.19500000000000001, 0.21099999999999999)
(0.21311111111111111, 0.19500000000000001, 0.21099999999999999)
(0.21311111111111111, 0.19500000000000001, 0.21099999999999999)
(0.21299999999999999, 0.19600000000000001, 0.20999999999999999)
(0.21299999999999999, 0.19500000000000001, 0.21199999999999999)
(0.21277777777777779, 0.19500000000000001, 0.21199999999999999)
(0.21322222222222223, 0.19500000000000001, 0.21199999999999999)
(0.21311111111111111, 0.19500000000000001, 0.21099999999999999)
(0.21322222222222223, 0.19500000000000001, 0.21099999999999999)
(0.21311111111111111, 0.19500000000000001, 0.21099999999999999)
(0.21322222222222223, 0.19500000000000001, 0.21099999999999999)
(0.21322222222222223, 0.19500000000000001, 0.21099999999999999)
(0.21277777777777779, 0.19500000000000001, 0.21199999999999999)
(0.21288888888888888, 0.19600000000000001, 0.21199999999999999)
(0.21288888888888888, 0.19600000000000001, 0.21099999999999999)
(0.21277777777777779, 0.19600000000000001, 0.21099999999999999)
(0.21333333333333335, 0.19700000000000001, 0.21099999999999999)
(0.21288888888888888, 0.19600000000000001, 0.21199999999999999)
(0.21288888888888888, 0.19600000000000001, 0.21199999999999999)
(0.21288888888888888, 0.19500000000000001, 0.21199999999999999)
(0.21255555555555555, 0.19600000000000001, 0.21199999999999999)
(0.21299999999999999, 0.19500000000000001, 0.21199999999999999)
(0.21277777777777779, 0.19500000000000001, 0.21099999999999999)
(0.21266666666666667, 0.19500000000000001, 0.21199999999999999)
(0.21255555555555555, 0.19500000000000001, 0.21199999999999999)
(0.21277777777777779, 0.19600000000000001, 0.21099999999999999)
(0.21266666666666667, 0.19600000000000001, 0.21199999999999999)
(0.21277777777777779, 0.19600000000000001, 0.21099999999999999)
(0.21288888888888888, 0.19500000000000001, 0.21199999999999999)
(0.21288888888888888, 0.19500000000000001, 0.21199999999999999)
(0.21299999999999999, 0.19500000000000001, 0.21199999999999999)
(0.21288888888888888, 0.19500000000000001, 0.20999999999999999)
(0.21277777777777779, 0.19600000000000001, 0.21199999999999999)
(0.21255555555555555, 0.19600000000000001, 0.21199999999999999)
(0.21299999999999999, 0.19500000000000001, 0.21199999999999999)
(0.21255555555555555, 0.19500000000000001, 0.21199999999999999)
(0.21277777777777779, 0.19500000000000001, 0.21199999999999999)
(0.21266666666666667, 0.19400000000000001, 0.21199999999999999)
(0.21255555555555555, 0.19500000000000001, 0.21099999999999999)
(0.21266666666666667, 0.19500000000000001, 0.21099999999999999)
(0.21288888888888888, 0.19500000000000001, 0.20999999999999999)
(0.21299999999999999, 0.19500000000000001, 0.21099999999999999)
(0.21266666666666667, 0.19400000000000001, 0.21099999999999999)
(0.21277777777777779, 0.19400000000000001, 0.21099999999999999)
(0.21277777777777779, 0.19400000000000001, 0.20999999999999999)
(0.21288888888888888, 0.19500000000000001, 0.21099999999999999)
(0.21277777777777779, 0.19400000000000001, 0.21099999999999999)
(0.21266666666666667, 0.19400000000000001, 0.20999999999999999)
(0.21277777777777779, 0.19400000000000001, 0.21199999999999999)
(0.21266666666666667, 0.19500000000000001, 0.21199999999999999)
(0.21266666666666667, 0.19400000000000001, 0.21099999999999999)
(0.21288888888888888, 0.19400000000000001, 0.21199999999999999)
(0.21266666666666667, 0.19400000000000001, 0.21199999999999999)
(0.21277777777777779, 0.19400000000000001, 0.21199999999999999)
(0.21255555555555555, 0.19400000000000001, 0.21199999999999999)
(0.21266666666666667, 0.19500000000000001, 0.21199999999999999)
(0.21266666666666667, 0.19500000000000001, 0.21199999999999999)
(0.21255555555555555, 0.19500000000000001, 0.21199999999999999)
(0.21244444444444444, 0.19500000000000001, 0.21099999999999999)
(0.21277777777777779, 0.19500000000000001, 0.21099999999999999)
(0.21299999999999999, 0.19500000000000001, 0.21199999999999999)
(0.21288888888888888, 0.19400000000000001, 0.21099999999999999)
(0.21299999999999999, 0.19500000000000001, 0.21199999999999999)
(0.21277777777777779, 0.19500000000000001, 0.21199999999999999)
(0.21244444444444444, 0.19600000000000001, 0.21199999999999999)
(0.21244444444444444, 0.19500000000000001, 0.21199999999999999)
(0.21266666666666667, 0.19500000000000001, 0.21199999999999999)
(0.21266666666666667, 0.19400000000000001, 0.21099999999999999)
(0.21244444444444444, 0.19500000000000001, 0.21199999999999999)
(0.21299999999999999, 0.19500000000000001, 0.21299999999999999)
(0.21288888888888888, 0.19400000000000001, 0.21199999999999999)
(0.21344444444444444, 0.193, 0.21099999999999999)
(0.21244444444444444, 0.19500000000000001, 0.21199999999999999)
(0.21255555555555555, 0.19500000000000001, 0.21199999999999999)
(0.21244444444444444, 0.19600000000000001, 0.21199999999999999)
(0.21244444444444444, 0.19500000000000001, 0.21199999999999999)
(0.21255555555555555, 0.19500000000000001, 0.21199999999999999)
(0.21244444444444444, 0.19500000000000001, 0.21199999999999999)
(0.21266666666666667, 0.19500000000000001, 0.21199999999999999)
(0.21266666666666667, 0.19500000000000001, 0.21199999999999999)
(0.21266666666666667, 0.19500000000000001, 0.21199999999999999)
(0.21255555555555555, 0.19500000000000001, 0.21199999999999999)
(0.21266666666666667, 0.19500000000000001, 0.21199999999999999)
(0.21277777777777779, 0.19500000000000001, 0.21199999999999999)
(0.21266666666666667, 0.19500000000000001, 0.21299999999999999)
(0.21266666666666667, 0.19500000000000001, 0.21299999999999999)
(0.21277777777777779, 0.19500000000000001, 0.21299999999999999)
(0.21277777777777779, 0.19500000000000001, 0.21299999999999999)
(0.21277777777777779, 0.19500000000000001, 0.21299999999999999)
(0.21266666666666667, 0.19500000000000001, 0.21299999999999999)
(0.21266666666666667, 0.19500000000000001, 0.21299999999999999)
(0.21266666666666667, 0.19500000000000001, 0.21299999999999999)
(0.21277777777777779, 0.19500000000000001, 0.21199999999999999)
(0.21277777777777779, 0.19500000000000001, 0.21199999999999999)
(0.21277777777777779, 0.19500000000000001, 0.21199999999999999)
(0.21277777777777779, 0.19500000000000001, 0.21199999999999999)
(0.21277777777777779, 0.19500000000000001, 0.21199999999999999)
(0.21277777777777779, 0.19500000000000001, 0.21199999999999999)
(0.21277777777777779, 0.19500000000000001, 0.21199999999999999)
(0.21277777777777779, 0.19500000000000001, 0.21199999999999999)
(0.21277777777777779, 0.19500000000000001, 0.21199999999999999)
(0.21288888888888888, 0.19500000000000001, 0.21199999999999999)
(0.21288888888888888, 0.19500000000000001, 0.21199999999999999)
(0.21288888888888888, 0.19500000000000001, 0.21199999999999999)
(0.21288888888888888, 0.19500000000000001, 0.21199999999999999)
(0.21288888888888888, 0.19500000000000001, 0.21199999999999999)
(0.21288888888888888, 0.19500000000000001, 0.21199999999999999)
(0.21299999999999999, 0.19500000000000001, 0.21199999999999999)
(0.21311111111111111, 0.19500000000000001, 0.21199999999999999)
(0.21311111111111111, 0.19500000000000001, 0.21199999999999999)
(0.21311111111111111, 0.19500000000000001, 0.21199999999999999)
(0.21299999999999999, 0.19500000000000001, 0.21199999999999999)
(0.21299999999999999, 0.19500000000000001, 0.21199999999999999)
(0.21299999999999999, 0.19500000000000001, 0.21199999999999999)
(0.21299999999999999, 0.19500000000000001, 0.21199999999999999)
(0.21299999999999999, 0.19500000000000001, 0.21199999999999999)
(0.21299999999999999, 0.19500000000000001, 0.21199999999999999)
(0.21299999999999999, 0.19500000000000001, 0.21199999999999999)
(0.21299999999999999, 0.19500000000000001, 0.21199999999999999)
(0.21311111111111111, 0.19500000000000001, 0.21199999999999999)
(0.21299999999999999, 0.19500000000000001, 0.21199999999999999)
(0.21299999999999999, 0.19400000000000001, 0.21199999999999999)
(0.21299999999999999, 0.19400000000000001, 0.21199999999999999)
(0.21299999999999999, 0.19400000000000001, 0.21099999999999999)
(0.21311111111111111, 0.19500000000000001, 0.21099999999999999)
(0.21311111111111111, 0.19500000000000001, 0.21099999999999999)
(0.21311111111111111, 0.19500000000000001, 0.21099999999999999)
(0.21311111111111111, 0.19500000000000001, 0.21099999999999999)
(0.21311111111111111, 0.19400000000000001, 0.21099999999999999)
(0.21311111111111111, 0.19400000000000001, 0.21099999999999999)
(0.21311111111111111, 0.19400000000000001, 0.21099999999999999)
(0.21311111111111111, 0.19400000000000001, 0.21099999999999999)
(0.21311111111111111, 0.19400000000000001, 0.21099999999999999)
(0.21299999999999999, 0.19400000000000001, 0.21099999999999999)
(0.21277777777777779, 0.19400000000000001, 0.21099999999999999)
(0.21277777777777779, 0.19400000000000001, 0.21099999999999999)
(0.21266666666666667, 0.19400000000000001, 0.21099999999999999)
(0.21266666666666667, 0.19400000000000001, 0.21099999999999999)
(0.21266666666666667, 0.19400000000000001, 0.21099999999999999)
(0.21266666666666667, 0.19400000000000001, 0.21099999999999999)
(0.21266666666666667, 0.19400000000000001, 0.21099999999999999)
(0.21277777777777779, 0.19400000000000001, 0.21099999999999999)
(0.21277777777777779, 0.19400000000000001, 0.21099999999999999)
(0.21288888888888888, 0.19400000000000001, 0.21099999999999999)
(0.21288888888888888, 0.19400000000000001, 0.21099999999999999)
(0.21288888888888888, 0.19400000000000001, 0.21099999999999999)
(0.21288888888888888, 0.19400000000000001, 0.21099999999999999)
(0.21288888888888888, 0.19400000000000001, 0.21099999999999999)
(0.21288888888888888, 0.19400000000000001, 0.21099999999999999)
(0.21288888888888888, 0.19400000000000001, 0.21099999999999999)
(0.21288888888888888, 0.19400000000000001, 0.21099999999999999)
(0.21299999999999999, 0.19400000000000001, 0.21099999999999999)
(0.21288888888888888, 0.19400000000000001, 0.21099999999999999)
