(0.09955555555555555, 0.099000000000000005, 0.085999999999999993)
(0.11444444444444445, 0.089999999999999997, 0.11700000000000001)
(0.11444444444444445, 0.089999999999999997, 0.11700000000000001)
(0.11444444444444445, 0.089999999999999997, 0.11700000000000001)
(0.11444444444444445, 0.089999999999999997, 0.11700000000000001)
(0.11444444444444445, 0.089999999999999997, 0.11700000000000001)
(0.11444444444444445, 0.089999999999999997, 0.11700000000000001)
(0.11444444444444445, 0.089999999999999997, 0.11700000000000001)
(0.11444444444444445, 0.089999999999999997, 0.11700000000000001)
(0.11444444444444445, 0.089999999999999997, 0.11700000000000001)
(0.11444444444444445, 0.089999999999999997, 0.11700000000000001)
(0.11444444444444445, 0.089999999999999997, 0.11700000000000001)
(0.11444444444444445, 0.089999999999999997, 0.11700000000000001)
(0.11444444444444445, 0.089999999999999997, 0.11700000000000001)
(0.11444444444444445, 0.089999999999999997, 0.11700000000000001)
(0.11444444444444445, 0.089999999999999997, 0.11700000000000001)
(0.11444444444444445, 0.089999999999999997, 0.11700000000000001)
(0.11444444444444445, 0.089999999999999997, 0.11700000000000001)
(0.11444444444444445, 0.089999999999999997, 0.11700000000000001)
(0.11444444444444445, 0.089999999999999997, 0.11700000000000001)
(0.11444444444444445, 0.089999999999999997, 0.11700000000000001)
(0.11444444444444445, 0.089999999999999997, 0.11700000000000001)
(0.11444444444444445, 0.089999999999999997, 0.11700000000000001)
(0.11444444444444445, 0.089999999999999997, 0.11700000000000001)
(0.11444444444444445, 0.089999999999999997, 0.11700000000000001)
(0.11444444444444445, 0.089999999999999997, 0.11700000000000001)
(0.11444444444444445, 0.089999999999999997, 0.11700000000000001)
(0.11444444444444445, 0.089999999999999997, 0.11700000000000001)
(0.11444444444444445, 0.089999999999999997, 0.11700000000000001)
(0.11444444444444445, 0.089999999999999997, 0.11700000000000001)
(0.11444444444444445, 0.089999999999999997, 0.11700000000000001)
(0.11444444444444445, 0.089999999999999997, 0.11700000000000001)
(0.11444444444444445, 0.089999999999999997, 0.11700000000000001)
(0.11444444444444445, 0.089999999999999997, 0.11700000000000001)
(0.11444444444444445, 0.089999999999999997, 0.11700000000000001)
(0.11444444444444445, 0.089999999999999997, 0.11700000000000001)
(0.11444444444444445, 0.089999999999999997, 0.11700000000000001)
(0.11444444444444445, 0.089999999999999997, 0.11700000000000001)
(0.11444444444444445, 0.089999999999999997, 0.11700000000000001)
(0.11444444444444445, 0.089999999999999997, 0.11700000000000001)
(0.11444444444444445, 0.089999999999999997, 0.11700000000000001)
(0.11444444444444445, 0.089999999999999997, 0.11700000000000001)
(0.11444444444444445, 0.089999999999999997, 0.11700000000000001)
(0.11444444444444445, 0.089999999999999997, 0.11700000000000001)
(0.11444444444444445, 0.089999999999999997, 0.11700000000000001)
(0.11444444444444445, 0.089999999999999997, 0.11700000000000001)
(0.11444444444444445, 0.089999999999999997, 0.11700000000000001)
(0.11444444444444445, 0.089999999999999997, 0.11700000000000001)
(0.11444444444444445, 0.089999999999999997, 0.11700000000000001)
(0.11444444444444445, 0.089999999999999997, 0.11700000000000001)
(0.11444444444444445, 0.089999999999999997, 0.11700000000000001)
(0.11444444444444445, 0.089999999999999997, 0.11700000000000001)
(0.11444444444444445, 0.089999999999999997, 0.11700000000000001)
(0.11444444444444445, 0.089999999999999997, 0.11700000000000001)
(0.11444444444444445, 0.089999999999999997, 0.11700000000000001)
(0.11444444444444445, 0.089999999999999997, 0.11700000000000001)
(0.11444444444444445, 0.089999999999999997, 0.11700000000000001)
(0.11444444444444445, 0.089999999999999997, 0.11700000000000001)
(0.11444444444444445, 0.089999999999999997, 0.11700000000000001)
(0.11444444444444445, 0.089999999999999997, 0.11700000000000001)
(0.11444444444444445, 0.089999999999999997, 0.11700000000000001)
(0.11444444444444445, 0.089999999999999997, 0.11700000000000001)
(0.11444444444444445, 0.089999999999999997, 0.11700000000000001)
(0.11444444444444445, 0.089999999999999997, 0.11700000000000001)
(0.11444444444444445, 0.089999999999999997, 0.11700000000000001)
(0.11444444444444445, 0.089999999999999997, 0.11700000000000001)
(0.11444444444444445, 0.089999999999999997, 0.11700000000000001)
(0.11444444444444445, 0.089999999999999997, 0.11700000000000001)
(0.11444444444444445, 0.089999999999999997, 0.11700000000000001)
(0.11444444444444445, 0.089999999999999997, 0.11700000000000001)
(0.11444444444444445, 0.089999999999999997, 0.11700000000000001)
(0.11444444444444445, 0.089999999999999997, 0.11700000000000001)
(0.11444444444444445, 0.089999999999999997, 0.11700000000000001)
(0.11444444444444445, 0.089999999999999997, 0.11700000000000001)
(0.11444444444444445, 0.089999999999999997, 0.11700000000000001)
(0.11444444444444445, 0.089999999999999997, 0.11700000000000001)
(0.11444444444444445, 0.089999999999999997, 0.11700000000000001)
(0.11444444444444445, 0.089999999999999997, 0.11700000000000001)
(0.11444444444444445, 0.089999999999999997, 0.11700000000000001)
(0.11444444444444445, 0.089999999999999997, 0.11700000000000001)
(0.11444444444444445, 0.089999999999999997, 0.11700000000000001)
(0.11444444444444445, 0.089999999999999997, 0.11700000000000001)
(0.11444444444444445, 0.089999999999999997, 0.11700000000000001)
(0.11444444444444445, 0.089999999999999997, 0.11700000000000001)
(0.11444444444444445, 0.089999999999999997, 0.11700000000000001)
(0.11444444444444445, 0.089999999999999997, 0.11700000000000001)
(0.11444444444444445, 0.089999999999999997, 0.11700000000000001)
(0.11444444444444445, 0.089999999999999997, 0.11700000000000001)
(0.11444444444444445, 0.089999999999999997, 0.11700000000000001)
(0.11444444444444445, 0.089999999999999997, 0.11700000000000001)
(0.11444444444444445, 0.089999999999999997, 0.11700000000000001)
(0.11444444444444445, 0.089999999999999997, 0.11700000000000001)
(0.11444444444444445, 0.089999999999999997, 0.11700000000000001)
(0.11444444444444445, 0.089999999999999997, 0.11700000000000001)
(0.11444444444444445, 0.089999999999999997, 0.11700000000000001)
(0.11444444444444445, 0.089999999999999997, 0.11700000000000001)
(0.11444444444444445, 0.089999999999999997, 0.11700000000000001)
(0.11444444444444445, 0.089999999999999997, 0.11700000000000001)
(0.11444444444444445, 0.089999999999999997, 0.11700000000000001)
(0.11444444444444445, 0.089999999999999997, 0.11700000000000001)
(0.11444444444444445, 0.089999999999999997, 0.11700000000000001)
(0.11444444444444445, 0.089999999999999997, 0.11700000000000001)
(0.11444444444444445, 0.089999999999999997, 0.11700000000000001)
(0.11444444444444445, 0.089999999999999997, 0.11700000000000001)
(0.11444444444444445, 0.089999999999999997, 0.11700000000000001)
(0.11444444444444445, 0.089999999999999997, 0.11700000000000001)
(0.11444444444444445, 0.089999999999999997, 0.11700000000000001)
(0.11444444444444445, 0.089999999999999997, 0.11700000000000001)
(0.11444444444444445, 0.089999999999999997, 0.11700000000000001)
(0.11444444444444445, 0.089999999999999997, 0.11700000000000001)
(0.11444444444444445, 0.089999999999999997, 0.11700000000000001)
(0.11444444444444445, 0.089999999999999997, 0.11700000000000001)
(0.11444444444444445, 0.089999999999999997, 0.11700000000000001)
(0.11444444444444445, 0.089999999999999997, 0.11700000000000001)
(0.11444444444444445, 0.089999999999999997, 0.11700000000000001)
(0.11444444444444445, 0.089999999999999997, 0.11700000000000001)
(0.11444444444444445, 0.089999999999999997, 0.11700000000000001)
(0.11444444444444445, 0.089999999999999997, 0.11700000000000001)
(0.11444444444444445, 0.089999999999999997, 0.11700000000000001)
(0.11444444444444445, 0.089999999999999997, 0.11700000000000001)
(0.11444444444444445, 0.089999999999999997, 0.11700000000000001)
(0.11444444444444445, 0.089999999999999997, 0.11700000000000001)
(0.11444444444444445, 0.089999999999999997, 0.11700000000000001)
(0.11444444444444445, 0.089999999999999997, 0.11700000000000001)
(0.11444444444444445, 0.089999999999999997, 0.11700000000000001)
(0.11444444444444445, 0.089999999999999997, 0.11700000000000001)
(0.11444444444444445, 0.089999999999999997, 0.11700000000000001)
(0.11444444444444445, 0.089999999999999997, 0.11700000000000001)
(0.11444444444444445, 0.089999999999999997, 0.11700000000000001)
(0.11444444444444445, 0.089999999999999997, 0.11700000000000001)
(0.11444444444444445, 0.089999999999999997, 0.11700000000000001)
(0.11444444444444445, 0.089999999999999997, 0.11700000000000001)
(0.11444444444444445, 0.089999999999999997, 0.11700000000000001)
(0.11444444444444445, 0.089999999999999997, 0.11700000000000001)
(0.11444444444444445, 0.089999999999999997, 0.11700000000000001)
(0.11444444444444445, 0.089999999999999997, 0.11700000000000001)
(0.11444444444444445, 0.089999999999999997, 0.11700000000000001)
(0.11444444444444445, 0.089999999999999997, 0.11700000000000001)
(0.11444444444444445, 0.089999999999999997, 0.11700000000000001)
(0.11444444444444445, 0.089999999999999997, 0.11700000000000001)
(0.11444444444444445, 0.089999999999999997, 0.11700000000000001)
(0.11444444444444445, 0.089999999999999997, 0.11700000000000001)
(0.11444444444444445, 0.089999999999999997, 0.11700000000000001)
(0.11444444444444445, 0.089999999999999997, 0.11700000000000001)
(0.11444444444444445, 0.089999999999999997, 0.11700000000000001)
(0.11444444444444445, 0.089999999999999997, 0.11700000000000001)
(0.11444444444444445, 0.089999999999999997, 0.11700000000000001)
(0.11444444444444445, 0.089999999999999997, 0.11700000000000001)
(0.11444444444444445, 0.089999999999999997, 0.11700000000000001)
(0.11444444444444445, 0.089999999999999997, 0.11700000000000001)
(0.11444444444444445, 0.089999999999999997, 0.11700000000000001)
(0.11444444444444445, 0.089999999999999997, 0.11700000000000001)
(0.11444444444444445, 0.089999999999999997, 0.11700000000000001)
(0.11444444444444445, 0.089999999999999997, 0.11700000000000001)
(0.11444444444444445, 0.089999999999999997, 0.11700000000000001)
(0.11444444444444445, 0.089999999999999997, 0.11700000000000001)
(0.11444444444444445, 0.089999999999999997, 0.11700000000000001)
(0.11444444444444445, 0.089999999999999997, 0.11700000000000001)
(0.11444444444444445, 0.089999999999999997, 0.11700000000000001)
(0.11444444444444445, 0.089999999999999997, 0.11700000000000001)
(0.11444444444444445, 0.089999999999999997, 0.11700000000000001)
(0.11444444444444445, 0.089999999999999997, 0.11700000000000001)
(0.11444444444444445, 0.089999999999999997, 0.11700000000000001)
(0.11444444444444445, 0.089999999999999997, 0.11700000000000001)
(0.11444444444444445, 0.089999999999999997, 0.11700000000000001)
(0.11444444444444445, 0.089999999999999997, 0.11700000000000001)
(0.11444444444444445, 0.089999999999999997, 0.11700000000000001)
(0.11444444444444445, 0.089999999999999997, 0.11700000000000001)
(0.11444444444444445, 0.089999999999999997, 0.11700000000000001)
(0.11444444444444445, 0.089999999999999997, 0.11700000000000001)
(0.11444444444444445, 0.089999999999999997, 0.11700000000000001)
(0.11444444444444445, 0.089999999999999997, 0.11700000000000001)
(0.11444444444444445, 0.089999999999999997, 0.11700000000000001)
(0.11444444444444445, 0.089999999999999997, 0.11700000000000001)
(0.11444444444444445, 0.089999999999999997, 0.11700000000000001)
(0.11444444444444445, 0.089999999999999997, 0.11700000000000001)
(0.11444444444444445, 0.089999999999999997, 0.11700000000000001)
(0.11444444444444445, 0.089999999999999997, 0.11700000000000001)
(0.11444444444444445, 0.089999999999999997, 0.11700000000000001)
(0.11444444444444445, 0.089999999999999997, 0.11700000000000001)
(0.11444444444444445, 0.089999999999999997, 0.11700000000000001)
(0.11444444444444445, 0.089999999999999997, 0.11700000000000001)
(0.11444444444444445, 0.089999999999999997, 0.11700000000000001)
(0.11444444444444445, 0.089999999999999997, 0.11700000000000001)
(0.11444444444444445, 0.089999999999999997, 0.11700000000000001)
(0.11444444444444445, 0.089999999999999997, 0.11700000000000001)
(0.11444444444444445, 0.089999999999999997, 0.11700000000000001)
(0.11444444444444445, 0.089999999999999997, 0.11700000000000001)
(0.11444444444444445, 0.089999999999999997, 0.11700000000000001)
(0.11444444444444445, 0.089999999999999997, 0.11700000000000001)
(0.11444444444444445, 0.089999999999999997, 0.11700000000000001)
(0.11444444444444445, 0.089999999999999997, 0.11700000000000001)
(0.11444444444444445, 0.089999999999999997, 0.11700000000000001)
(0.11444444444444445, 0.089999999999999997, 0.11700000000000001)
(0.11444444444444445, 0.089999999999999997, 0.11700000000000001)
(0.11444444444444445, 0.089999999999999997, 0.11700000000000001)
(0.11444444444444445, 0.089999999999999997, 0.11700000000000001)
(0.11444444444444445, 0.089999999999999997, 0.11700000000000001)
(0.11444444444444445, 0.089999999999999997, 0.11700000000000001)
(0.11444444444444445, 0.089999999999999997, 0.11700000000000001)
(0.11444444444444445, 0.089999999999999997, 0.11700000000000001)
(0.11444444444444445, 0.089999999999999997, 0.11700000000000001)
(0.11444444444444445, 0.089999999999999997, 0.11700000000000001)
(0.11444444444444445, 0.089999999999999997, 0.11700000000000001)
(0.11444444444444445, 0.089999999999999997, 0.11700000000000001)
(0.11444444444444445, 0.089999999999999997, 0.11700000000000001)
(0.11444444444444445, 0.089999999999999997, 0.11700000000000001)
(0.11444444444444445, 0.089999999999999997, 0.11700000000000001)
(0.11444444444444445, 0.089999999999999997, 0.11700000000000001)
(0.11444444444444445, 0.089999999999999997, 0.11700000000000001)
(0.11444444444444445, 0.089999999999999997, 0.11700000000000001)
(0.11444444444444445, 0.089999999999999997, 0.11700000000000001)
(0.11444444444444445, 0.089999999999999997, 0.11700000000000001)
(0.11444444444444445, 0.089999999999999997, 0.11700000000000001)
(0.11444444444444445, 0.089999999999999997, 0.11700000000000001)
(0.11444444444444445, 0.089999999999999997, 0.11700000000000001)
(0.11444444444444445, 0.089999999999999997, 0.11700000000000001)
(0.11444444444444445, 0.089999999999999997, 0.11700000000000001)
(0.11444444444444445, 0.089999999999999997, 0.11700000000000001)
(0.11444444444444445, 0.089999999999999997, 0.11700000000000001)
(0.11444444444444445, 0.089999999999999997, 0.11700000000000001)
(0.11444444444444445, 0.089999999999999997, 0.11700000000000001)
(0.11444444444444445, 0.089999999999999997, 0.11700000000000001)
(0.11444444444444445, 0.089999999999999997, 0.11700000000000001)
(0.11444444444444445, 0.089999999999999997, 0.11700000000000001)
(0.11444444444444445, 0.089999999999999997, 0.11700000000000001)
(0.11444444444444445, 0.089999999999999997, 0.11700000000000001)
(0.11444444444444445, 0.089999999999999997, 0.11700000000000001)
(0.11444444444444445, 0.089999999999999997, 0.11700000000000001)
(0.11444444444444445, 0.089999999999999997, 0.11700000000000001)
(0.11444444444444445, 0.089999999999999997, 0.11700000000000001)
(0.11444444444444445, 0.089999999999999997, 0.11700000000000001)
(0.11444444444444445, 0.089999999999999997, 0.11700000000000001)
(0.11444444444444445, 0.089999999999999997, 0.11700000000000001)
(0.11444444444444445, 0.089999999999999997, 0.11700000000000001)
(0.11444444444444445, 0.089999999999999997, 0.11700000000000001)
(0.11444444444444445, 0.089999999999999997, 0.11700000000000001)
(0.11444444444444445, 0.089999999999999997, 0.11700000000000001)
(0.11444444444444445, 0.089999999999999997, 0.11700000000000001)
(0.11444444444444445, 0.089999999999999997, 0.11700000000000001)
(0.11444444444444445, 0.089999999999999997, 0.11700000000000001)
(0.11444444444444445, 0.089999999999999997, 0.11700000000000001)
(0.11444444444444445, 0.089999999999999997, 0.11700000000000001)
(0.11444444444444445, 0.089999999999999997, 0.11700000000000001)
(0.11444444444444445, 0.089999999999999997, 0.11700000000000001)
(0.11444444444444445, 0.089999999999999997, 0.11700000000000001)
(0.11444444444444445, 0.089999999999999997, 0.11700000000000001)
(0.11444444444444445, 0.089999999999999997, 0.11700000000000001)
(0.11444444444444445, 0.089999999999999997, 0.11700000000000001)
(0.11444444444444445, 0.089999999999999997, 0.11700000000000001)
(0.11444444444444445, 0.089999999999999997, 0.11700000000000001)
(0.11444444444444445, 0.089999999999999997, 0.11700000000000001)
(0.11444444444444445, 0.089999999999999997, 0.11700000000000001)
(0.11444444444444445, 0.089999999999999997, 0.11700000000000001)
(0.11444444444444445, 0.089999999999999997, 0.11700000000000001)
(0.11444444444444445, 0.089999999999999997, 0.11700000000000001)
(0.11444444444444445, 0.089999999999999997, 0.11700000000000001)
(0.11444444444444445, 0.089999999999999997, 0.11700000000000001)
(0.11444444444444445, 0.089999999999999997, 0.11700000000000001)
(0.11444444444444445, 0.089999999999999997, 0.11700000000000001)
(0.11444444444444445, 0.089999999999999997, 0.11700000000000001)
(0.11444444444444445, 0.089999999999999997, 0.11700000000000001)
(0.11444444444444445, 0.089999999999999997, 0.11700000000000001)
(0.11444444444444445, 0.089999999999999997, 0.11700000000000001)
(0.11444444444444445, 0.089999999999999997, 0.11700000000000001)
(0.11444444444444445, 0.089999999999999997, 0.11700000000000001)
(0.11444444444444445, 0.089999999999999997, 0.11700000000000001)
(0.11444444444444445, 0.089999999999999997, 0.11700000000000001)
(0.11444444444444445, 0.089999999999999997, 0.11700000000000001)
(0.11444444444444445, 0.089999999999999997, 0.11700000000000001)
(0.11444444444444445, 0.089999999999999997, 0.11700000000000001)
(0.11444444444444445, 0.089999999999999997, 0.11700000000000001)
(0.11444444444444445, 0.089999999999999997, 0.11700000000000001)
(0.11444444444444445, 0.089999999999999997, 0.11700000000000001)
(0.11444444444444445, 0.089999999999999997, 0.11700000000000001)
(0.11444444444444445, 0.089999999999999997, 0.11700000000000001)
(0.11444444444444445, 0.089999999999999997, 0.11700000000000001)
(0.11444444444444445, 0.089999999999999997, 0.11700000000000001)
(0.11444444444444445, 0.089999999999999997, 0.11700000000000001)
(0.11444444444444445, 0.089999999999999997, 0.11700000000000001)
(0.11444444444444445, 0.089999999999999997, 0.11700000000000001)
(0.11444444444444445, 0.089999999999999997, 0.11700000000000001)
(0.11444444444444445, 0.089999999999999997, 0.11700000000000001)
(0.11444444444444445, 0.089999999999999997, 0.11700000000000001)
(0.11444444444444445, 0.089999999999999997, 0.11700000000000001)
(0.11444444444444445, 0.089999999999999997, 0.11700000000000001)
(0.11444444444444445, 0.089999999999999997, 0.11700000000000001)
(0.11444444444444445, 0.089999999999999997, 0.11700000000000001)
(0.11444444444444445, 0.089999999999999997, 0.11700000000000001)
(0.11444444444444445, 0.089999999999999997, 0.11700000000000001)
(0.11444444444444445, 0.089999999999999997, 0.11700000000000001)
(0.11444444444444445, 0.089999999999999997, 0.11700000000000001)
(0.11444444444444445, 0.089999999999999997, 0.11700000000000001)
(0.11444444444444445, 0.089999999999999997, 0.11700000000000001)
(0.11444444444444445, 0.089999999999999997, 0.11700000000000001)
(0.11444444444444445, 0.089999999999999997, 0.11700000000000001)
(0.11444444444444445, 0.089999999999999997, 0.11700000000000001)
(0.11444444444444445, 0.089999999999999997, 0.11700000000000001)
(0.11444444444444445, 0.089999999999999997, 0.11700000000000001)
(0.11444444444444445, 0.089999999999999997, 0.11700000000000001)
(0.11444444444444445, 0.089999999999999997, 0.11700000000000001)
(0.11444444444444445, 0.089999999999999997, 0.11700000000000001)
(0.11444444444444445, 0.089999999999999997, 0.11700000000000001)
(0.11444444444444445, 0.089999999999999997, 0.11700000000000001)
(0.11444444444444445, 0.089999999999999997, 0.11700000000000001)
(0.11444444444444445, 0.089999999999999997, 0.11700000000000001)
(0.11444444444444445, 0.089999999999999997, 0.11700000000000001)
(0.11444444444444445, 0.089999999999999997, 0.11700000000000001)
(0.11444444444444445, 0.089999999999999997, 0.11700000000000001)
(0.11444444444444445, 0.089999999999999997, 0.11700000000000001)
(0.11444444444444445, 0.089999999999999997, 0.11700000000000001)
(0.11444444444444445, 0.089999999999999997, 0.11700000000000001)
(0.11444444444444445, 0.089999999999999997, 0.11700000000000001)
(0.11444444444444445, 0.089999999999999997, 0.11700000000000001)
(0.11444444444444445, 0.089999999999999997, 0.11700000000000001)
(0.11444444444444445, 0.089999999999999997, 0.11700000000000001)
(0.11444444444444445, 0.089999999999999997, 0.11700000000000001)
(0.11444444444444445, 0.089999999999999997, 0.11700000000000001)
(0.11444444444444445, 0.089999999999999997, 0.11700000000000001)
(0.11444444444444445, 0.089999999999999997, 0.11700000000000001)
(0.11444444444444445, 0.089999999999999997, 0.11700000000000001)
(0.11444444444444445, 0.089999999999999997, 0.11700000000000001)
(0.11444444444444445, 0.089999999999999997, 0.11700000000000001)
(0.11444444444444445, 0.089999999999999997, 0.11700000000000001)
(0.11444444444444445, 0.089999999999999997, 0.11700000000000001)
(0.11444444444444445, 0.089999999999999997, 0.11700000000000001)
(0.11444444444444445, 0.089999999999999997, 0.11700000000000001)
(0.11444444444444445, 0.089999999999999997, 0.11700000000000001)
(0.11444444444444445, 0.089999999999999997, 0.11700000000000001)
(0.11444444444444445, 0.089999999999999997, 0.11700000000000001)
(0.11444444444444445, 0.089999999999999997, 0.11700000000000001)
(0.11444444444444445, 0.089999999999999997, 0.11700000000000001)
(0.11444444444444445, 0.089999999999999997, 0.11700000000000001)
(0.11444444444444445, 0.089999999999999997, 0.11700000000000001)
(0.11444444444444445, 0.089999999999999997, 0.11700000000000001)
(0.11444444444444445, 0.089999999999999997, 0.11700000000000001)
(0.11444444444444445, 0.089999999999999997, 0.11700000000000001)
(0.11444444444444445, 0.089999999999999997, 0.11700000000000001)
(0.11444444444444445, 0.089999999999999997, 0.11700000000000001)
(0.11444444444444445, 0.089999999999999997, 0.11700000000000001)
(0.11444444444444445, 0.089999999999999997, 0.11700000000000001)
(0.11444444444444445, 0.089999999999999997, 0.11700000000000001)
(0.11444444444444445, 0.089999999999999997, 0.11700000000000001)
(0.11444444444444445, 0.089999999999999997, 0.11700000000000001)
(0.11444444444444445, 0.089999999999999997, 0.11700000000000001)
(0.11444444444444445, 0.089999999999999997, 0.11700000000000001)
(0.11444444444444445, 0.089999999999999997, 0.11700000000000001)
(0.11444444444444445, 0.089999999999999997, 0.11700000000000001)
(0.11444444444444445, 0.089999999999999997, 0.11700000000000001)
(0.11444444444444445, 0.089999999999999997, 0.11700000000000001)
(0.11444444444444445, 0.089999999999999997, 0.11700000000000001)
(0.11444444444444445, 0.089999999999999997, 0.11700000000000001)
(0.11444444444444445, 0.089999999999999997, 0.11700000000000001)
(0.11444444444444445, 0.089999999999999997, 0.11700000000000001)
(0.11444444444444445, 0.089999999999999997, 0.11700000000000001)
(0.11444444444444445, 0.089999999999999997, 0.11700000000000001)
(0.11444444444444445, 0.089999999999999997, 0.11700000000000001)
(0.11444444444444445, 0.089999999999999997, 0.11700000000000001)
(0.11444444444444445, 0.089999999999999997, 0.11700000000000001)
(0.11444444444444445, 0.089999999999999997, 0.11700000000000001)
(0.11444444444444445, 0.089999999999999997, 0.11700000000000001)
(0.11444444444444445, 0.089999999999999997, 0.11700000000000001)
(0.11444444444444445, 0.089999999999999997, 0.11700000000000001)
(0.11444444444444445, 0.089999999999999997, 0.11700000000000001)
(0.11444444444444445, 0.089999999999999997, 0.11700000000000001)
(0.11444444444444445, 0.089999999999999997, 0.11700000000000001)
(0.11444444444444445, 0.089999999999999997, 0.11700000000000001)
(0.11444444444444445, 0.089999999999999997, 0.11700000000000001)
(0.11444444444444445, 0.089999999999999997, 0.11700000000000001)
(0.11444444444444445, 0.089999999999999997, 0.11700000000000001)
(0.11444444444444445, 0.089999999999999997, 0.11700000000000001)
(0.11444444444444445, 0.089999999999999997, 0.11700000000000001)
(0.11444444444444445, 0.089999999999999997, 0.11700000000000001)
(0.11444444444444445, 0.089999999999999997, 0.11700000000000001)
(0.11444444444444445, 0.089999999999999997, 0.11700000000000001)
(0.11444444444444445, 0.089999999999999997, 0.11700000000000001)
(0.11444444444444445, 0.089999999999999997, 0.11700000000000001)
(0.11444444444444445, 0.089999999999999997, 0.11700000000000001)
(0.11444444444444445, 0.089999999999999997, 0.11700000000000001)
(0.11444444444444445, 0.089999999999999997, 0.11700000000000001)
(0.11444444444444445, 0.089999999999999997, 0.11700000000000001)
(0.11444444444444445, 0.089999999999999997, 0.11700000000000001)
(0.11444444444444445, 0.089999999999999997, 0.11700000000000001)
(0.11444444444444445, 0.089999999999999997, 0.11700000000000001)
(0.11444444444444445, 0.089999999999999997, 0.11700000000000001)
(0.11444444444444445, 0.089999999999999997, 0.11700000000000001)
(0.11444444444444445, 0.089999999999999997, 0.11700000000000001)
(0.11444444444444445, 0.089999999999999997, 0.11700000000000001)
(0.11444444444444445, 0.089999999999999997, 0.11700000000000001)
(0.11444444444444445, 0.089999999999999997, 0.11700000000000001)
(0.11444444444444445, 0.089999999999999997, 0.11700000000000001)
(0.11444444444444445, 0.089999999999999997, 0.11700000000000001)
(0.11444444444444445, 0.089999999999999997, 0.11700000000000001)
(0.11444444444444445, 0.089999999999999997, 0.11700000000000001)
(0.11444444444444445, 0.089999999999999997, 0.11700000000000001)
(0.11444444444444445, 0.089999999999999997, 0.11700000000000001)
(0.11444444444444445, 0.089999999999999997, 0.11700000000000001)
(0.11444444444444445, 0.089999999999999997, 0.11700000000000001)
(0.11444444444444445, 0.089999999999999997, 0.11700000000000001)
(0.11444444444444445, 0.089999999999999997, 0.11700000000000001)
(0.11444444444444445, 0.089999999999999997, 0.11700000000000001)
(0.11444444444444445, 0.089999999999999997, 0.11700000000000001)
(0.11444444444444445, 0.089999999999999997, 0.11700000000000001)
(0.11444444444444445, 0.089999999999999997, 0.11700000000000001)
(0.11444444444444445, 0.089999999999999997, 0.11700000000000001)
(0.11444444444444445, 0.089999999999999997, 0.11700000000000001)
(0.11444444444444445, 0.089999999999999997, 0.11700000000000001)
(0.11444444444444445, 0.089999999999999997, 0.11700000000000001)
(0.11444444444444445, 0.089999999999999997, 0.11700000000000001)
(0.11444444444444445, 0.089999999999999997, 0.11700000000000001)
(0.11444444444444445, 0.089999999999999997, 0.11700000000000001)
(0.11444444444444445, 0.089999999999999997, 0.11700000000000001)
(0.11444444444444445, 0.089999999999999997, 0.11700000000000001)
(0.11444444444444445, 0.089999999999999997, 0.11700000000000001)
(0.11444444444444445, 0.089999999999999997, 0.11700000000000001)
(0.11444444444444445, 0.089999999999999997, 0.11700000000000001)
(0.11444444444444445, 0.089999999999999997, 0.11700000000000001)
(0.11444444444444445, 0.089999999999999997, 0.11700000000000001)
(0.11444444444444445, 0.089999999999999997, 0.11700000000000001)
(0.11444444444444445, 0.089999999999999997, 0.11700000000000001)
(0.11444444444444445, 0.089999999999999997, 0.11700000000000001)
(0.11444444444444445, 0.089999999999999997, 0.11700000000000001)
(0.11444444444444445, 0.089999999999999997, 0.11700000000000001)
(0.11444444444444445, 0.089999999999999997, 0.11700000000000001)
(0.11444444444444445, 0.089999999999999997, 0.11700000000000001)
(0.11444444444444445, 0.089999999999999997, 0.11700000000000001)
(0.11444444444444445, 0.089999999999999997, 0.11700000000000001)
(0.11444444444444445, 0.089999999999999997, 0.11700000000000001)
(0.11444444444444445, 0.089999999999999997, 0.11700000000000001)
(0.11444444444444445, 0.089999999999999997, 0.11700000000000001)
(0.11444444444444445, 0.089999999999999997, 0.11700000000000001)
(0.11444444444444445, 0.089999999999999997, 0.11700000000000001)
(0.11444444444444445, 0.089999999999999997, 0.11700000000000001)
(0.11444444444444445, 0.089999999999999997, 0.11700000000000001)
(0.11444444444444445, 0.089999999999999997, 0.11700000000000001)
(0.11444444444444445, 0.089999999999999997, 0.11700000000000001)
(0.11444444444444445, 0.089999999999999997, 0.11700000000000001)
(0.11444444444444445, 0.089999999999999997, 0.11700000000000001)
(0.11444444444444445, 0.089999999999999997, 0.11700000000000001)
(0.11444444444444445, 0.089999999999999997, 0.11700000000000001)
(0.11444444444444445, 0.089999999999999997, 0.11700000000000001)
(0.11444444444444445, 0.089999999999999997, 0.11700000000000001)
(0.11444444444444445, 0.089999999999999997, 0.11700000000000001)
(0.11444444444444445, 0.089999999999999997, 0.11700000000000001)
(0.11444444444444445, 0.089999999999999997, 0.11700000000000001)
(0.11444444444444445, 0.089999999999999997, 0.11700000000000001)
(0.11444444444444445, 0.089999999999999997, 0.11700000000000001)
(0.11444444444444445, 0.089999999999999997, 0.11700000000000001)
(0.11444444444444445, 0.089999999999999997, 0.11700000000000001)
(0.11444444444444445, 0.089999999999999997, 0.11700000000000001)
(0.11444444444444445, 0.089999999999999997, 0.11700000000000001)
(0.11444444444444445, 0.089999999999999997, 0.11700000000000001)
(0.11444444444444445, 0.089999999999999997, 0.11700000000000001)
(0.11444444444444445, 0.089999999999999997, 0.11700000000000001)
(0.11444444444444445, 0.089999999999999997, 0.11700000000000001)
(0.11444444444444445, 0.089999999999999997, 0.11700000000000001)
(0.11444444444444445, 0.089999999999999997, 0.11700000000000001)
(0.11444444444444445, 0.089999999999999997, 0.11700000000000001)
(0.11444444444444445, 0.089999999999999997, 0.11700000000000001)
(0.11444444444444445, 0.089999999999999997, 0.11700000000000001)
(0.11444444444444445, 0.089999999999999997, 0.11700000000000001)
(0.11444444444444445, 0.089999999999999997, 0.11700000000000001)
(0.11444444444444445, 0.089999999999999997, 0.11700000000000001)
(0.11444444444444445, 0.089999999999999997, 0.11700000000000001)
(0.11444444444444445, 0.089999999999999997, 0.11700000000000001)
(0.11444444444444445, 0.089999999999999997, 0.11700000000000001)
(0.11444444444444445, 0.089999999999999997, 0.11700000000000001)
(0.11444444444444445, 0.089999999999999997, 0.11700000000000001)
(0.11444444444444445, 0.089999999999999997, 0.11700000000000001)
(0.11444444444444445, 0.089999999999999997, 0.11700000000000001)
(0.11444444444444445, 0.089999999999999997, 0.11700000000000001)
(0.11444444444444445, 0.089999999999999997, 0.11700000000000001)
(0.11444444444444445, 0.089999999999999997, 0.11700000000000001)
(0.11444444444444445, 0.089999999999999997, 0.11700000000000001)
(0.11444444444444445, 0.089999999999999997, 0.11700000000000001)
(0.11444444444444445, 0.089999999999999997, 0.11700000000000001)
(0.11444444444444445, 0.089999999999999997, 0.11700000000000001)
(0.11444444444444445, 0.089999999999999997, 0.11700000000000001)
(0.11444444444444445, 0.089999999999999997, 0.11700000000000001)
(0.11444444444444445, 0.089999999999999997, 0.11700000000000001)
(0.11444444444444445, 0.089999999999999997, 0.11700000000000001)
(0.11444444444444445, 0.089999999999999997, 0.11700000000000001)
(0.11444444444444445, 0.089999999999999997, 0.11700000000000001)
(0.11444444444444445, 0.089999999999999997, 0.11700000000000001)
(0.11444444444444445, 0.089999999999999997, 0.11700000000000001)
(0.11444444444444445, 0.089999999999999997, 0.11700000000000001)
(0.11444444444444445, 0.089999999999999997, 0.11700000000000001)
(0.11444444444444445, 0.089999999999999997, 0.11700000000000001)
(0.11444444444444445, 0.089999999999999997, 0.11700000000000001)
(0.11444444444444445, 0.089999999999999997, 0.11700000000000001)
(0.11444444444444445, 0.089999999999999997, 0.11700000000000001)
(0.11444444444444445, 0.089999999999999997, 0.11700000000000001)
(0.11444444444444445, 0.089999999999999997, 0.11700000000000001)
(0.11444444444444445, 0.089999999999999997, 0.11700000000000001)
(0.11444444444444445, 0.089999999999999997, 0.11700000000000001)
(0.11444444444444445, 0.089999999999999997, 0.11700000000000001)
(0.11444444444444445, 0.089999999999999997, 0.11700000000000001)
(0.11444444444444445, 0.089999999999999997, 0.11700000000000001)
(0.11444444444444445, 0.089999999999999997, 0.11700000000000001)
(0.11444444444444445, 0.089999999999999997, 0.11700000000000001)
(0.11444444444444445, 0.089999999999999997, 0.11700000000000001)
(0.11444444444444445, 0.089999999999999997, 0.11700000000000001)
(0.11444444444444445, 0.089999999999999997, 0.11700000000000001)
(0.11444444444444445, 0.089999999999999997, 0.11700000000000001)
(0.11444444444444445, 0.089999999999999997, 0.11700000000000001)
(0.21166666666666667, 0.19400000000000001, 0.21199999999999999)
(0.21277777777777779, 0.19500000000000001, 0.21199999999999999)
(0.21277777777777779, 0.19500000000000001, 0.21199999999999999)
(0.21244444444444444, 0.19500000000000001, 0.21299999999999999)
(0.21233333333333335, 0.19500000000000001, 0.21299999999999999)
(0.21211111111111111, 0.19500000000000001, 0.21299999999999999)
(0.21188888888888888, 0.19500000000000001, 0.21299999999999999)
(0.21233333333333335, 0.19600000000000001, 0.21299999999999999)
(0.21311111111111111, 0.19600000000000001, 0.21299999999999999)
(0.21299999999999999, 0.19400000000000001, 0.21299999999999999)
(0.21322222222222223, 0.19400000000000001, 0.21299999999999999)
(0.21344444444444444, 0.19400000000000001, 0.21199999999999999)
(0.21377777777777779, 0.19400000000000001, 0.21199999999999999)
(0.21377777777777779, 0.19400000000000001, 0.21199999999999999)
(0.21377777777777779, 0.19400000000000001, 0.21199999999999999)
(0.21422222222222223, 0.19400000000000001, 0.21299999999999999)
(0.21433333333333332, 0.19500000000000001, 0.21299999999999999)
(0.21444444444444444, 0.19500000000000001, 0.21299999999999999)
(0.21444444444444444, 0.19500000000000001, 0.21299999999999999)
(0.21444444444444444, 0.19500000000000001, 0.21199999999999999)
(0.21455555555555555, 0.19600000000000001, 0.21199999999999999)
(0.21444444444444444, 0.19600000000000001, 0.21199999999999999)
(0.21444444444444444, 0.19600000000000001, 0.21199999999999999)
(0.21466666666666667, 0.19600000000000001, 0.21199999999999999)
(0.21477777777777779, 0.19600000000000001, 0.21199999999999999)
(0.21522222222222223, 0.19600000000000001, 0.21199999999999999)
(0.21522222222222223, 0.19600000000000001, 0.21199999999999999)
(0.21522222222222223, 0.19600000000000001, 0.21199999999999999)
(0.21522222222222223, 0.19600000000000001, 0.21199999999999999)
(0.21533333333333332, 0.19600000000000001, 0.21199999999999999)
(0.21533333333333332, 0.19600000000000001, 0.21199999999999999)
(0.21533333333333332, 0.19600000000000001, 0.21199999999999999)
(0.21555555555555556, 0.19600000000000001, 0.21199999999999999)
(0.21555555555555556, 0.19600000000000001, 0.21199999999999999)
(0.21577777777777779, 0.19600000000000001, 0.21199999999999999)
(0.21577777777777779, 0.19600000000000001, 0.21199999999999999)
(0.21577777777777779, 0.19600000000000001, 0.21199999999999999)
(0.21588888888888888, 0.19600000000000001, 0.21199999999999999)
(0.216, 0.19600000000000001, 0.21199999999999999)
(0.21611111111111111, 0.19600000000000001, 0.21199999999999999)
(0.21611111111111111, 0.19600000000000001, 0.21199999999999999)
(0.21611111111111111, 0.19700000000000001, 0.21199999999999999)
(0.21611111111111111, 0.19700000000000001, 0.21299999999999999)
(0.21622222222222223, 0.19700000000000001, 0.21299999999999999)
(0.21633333333333332, 0.19800000000000001, 0.21299999999999999)
(0.21633333333333332, 0.19700000000000001, 0.21299999999999999)
(0.21655555555555556, 0.19700000000000001, 0.21299999999999999)
(0.21655555555555556, 0.19700000000000001, 0.21299999999999999)
(0.21666666666666667, 0.19700000000000001, 0.21299999999999999)
(0.21666666666666667, 0.19700000000000001, 0.21299999999999999)
(0.21655555555555556, 0.19700000000000001, 0.21299999999999999)
(0.21655555555555556, 0.19800000000000001, 0.21299999999999999)
(0.21666666666666667, 0.19800000000000001, 0.21299999999999999)
(0.21677777777777779, 0.19900000000000001, 0.21299999999999999)
(0.21688888888888888, 0.19900000000000001, 0.21299999999999999)
(0.21688888888888888, 0.19900000000000001, 0.21299999999999999)
(0.21688888888888888, 0.19900000000000001, 0.21299999999999999)
(0.217, 0.19900000000000001, 0.21299999999999999)
(0.21722222222222223, 0.19900000000000001, 0.21299999999999999)
(0.21733333333333332, 0.19900000000000001, 0.214)
(0.21722222222222223, 0.19900000000000001, 0.214)
(0.21722222222222223, 0.19900000000000001, 0.214)
(0.21744444444444444, 0.19900000000000001, 0.214)
(0.21766666666666667, 0.19900000000000001, 0.214)
(0.21777777777777776, 0.19900000000000001, 0.214)
(0.21822222222222223, 0.19900000000000001, 0.214)
(0.21833333333333332, 0.19900000000000001, 0.214)
(0.21866666666666668, 0.20000000000000001, 0.214)
(0.21877777777777777, 0.20000000000000001, 0.214)
(0.21877777777777777, 0.20000000000000001, 0.214)
(0.21888888888888888, 0.20000000000000001, 0.214)
(0.219, 0.20000000000000001, 0.214)
(0.219, 0.20000000000000001, 0.214)
(0.21922222222222223, 0.20000000000000001, 0.214)
(0.21922222222222223, 0.20000000000000001, 0.214)
(0.21933333333333332, 0.20000000000000001, 0.214)
(0.21933333333333332, 0.20000000000000001, 0.21299999999999999)
(0.21933333333333332, 0.20000000000000001, 0.21299999999999999)
(0.21933333333333332, 0.20100000000000001, 0.21299999999999999)
(0.21933333333333332, 0.20100000000000001, 0.21299999999999999)
(0.21933333333333332, 0.20100000000000001, 0.21299999999999999)
(0.21944444444444444, 0.20100000000000001, 0.214)
(0.21944444444444444, 0.20100000000000001, 0.214)
(0.21966666666666668, 0.20100000000000001, 0.214)
(0.21966666666666668, 0.20100000000000001, 0.214)
(0.21966666666666668, 0.20100000000000001, 0.214)
(0.21966666666666668, 0.20100000000000001, 0.214)
(0.21966666666666668, 0.20100000000000001, 0.214)
(0.21966666666666668, 0.20100000000000001, 0.214)
(0.21977777777777777, 0.20100000000000001, 0.214)
(0.21977777777777777, 0.20100000000000001, 0.214)
(0.21977777777777777, 0.20100000000000001, 0.214)
(0.21977777777777777, 0.20100000000000001, 0.214)
(0.21977777777777777, 0.20100000000000001, 0.214)
(0.22, 0.20100000000000001, 0.214)
(0.22, 0.20100000000000001, 0.214)
(0.22, 0.20100000000000001, 0.214)
(0.22, 0.20100000000000001, 0.214)
(0.22, 0.20100000000000001, 0.214)
(0.22, 0.20100000000000001, 0.214)
(0.22011111111111112, 0.20100000000000001, 0.214)
(0.22022222222222224, 0.20100000000000001, 0.214)
(0.22022222222222224, 0.20100000000000001, 0.21299999999999999)
(0.22044444444444444, 0.20200000000000001, 0.21299999999999999)
(0.22055555555555556, 0.20200000000000001, 0.21299999999999999)
(0.22088888888888888, 0.20200000000000001, 0.21299999999999999)
(0.22088888888888888, 0.20200000000000001, 0.21299999999999999)
(0.221, 0.20200000000000001, 0.21299999999999999)
(0.22111111111111112, 0.20200000000000001, 0.21299999999999999)
(0.22111111111111112, 0.20200000000000001, 0.21299999999999999)
(0.221, 0.20200000000000001, 0.21299999999999999)
(0.22066666666666668, 0.20200000000000001, 0.21299999999999999)
(0.22055555555555556, 0.20200000000000001, 0.21299999999999999)
(0.22066666666666668, 0.20200000000000001, 0.21299999999999999)
(0.22077777777777777, 0.20200000000000001, 0.21299999999999999)
(0.22088888888888888, 0.20200000000000001, 0.21299999999999999)
(0.22088888888888888, 0.20200000000000001, 0.21299999999999999)
(0.221, 0.20200000000000001, 0.21299999999999999)
(0.221, 0.20200000000000001, 0.21299999999999999)
(0.22088888888888888, 0.20200000000000001, 0.21299999999999999)
(0.22088888888888888, 0.20100000000000001, 0.21299999999999999)
(0.221, 0.20100000000000001, 0.21299999999999999)
(0.22088888888888888, 0.20100000000000001, 0.21299999999999999)
(0.22088888888888888, 0.20100000000000001, 0.214)
(0.221, 0.20100000000000001, 0.214)
(0.221, 0.20100000000000001, 0.214)
(0.221, 0.20100000000000001, 0.214)
(0.221, 0.20100000000000001, 0.214)
(0.221, 0.20100000000000001, 0.214)
(0.22122222222222221, 0.20100000000000001, 0.214)
(0.22133333333333333, 0.20100000000000001, 0.214)
(0.22133333333333333, 0.20100000000000001, 0.214)
(0.22133333333333333, 0.20100000000000001, 0.214)
(0.22133333333333333, 0.20100000000000001, 0.214)
(0.22177777777777777, 0.20100000000000001, 0.214)
(0.222, 0.20100000000000001, 0.214)
(0.22211111111111112, 0.20100000000000001, 0.214)
(0.22188888888888889, 0.20100000000000001, 0.214)
(0.22188888888888889, 0.20100000000000001, 0.214)
(0.22188888888888889, 0.20100000000000001, 0.214)
(0.22188888888888889, 0.20100000000000001, 0.214)
(0.22177777777777777, 0.20100000000000001, 0.214)
(0.22188888888888889, 0.20200000000000001, 0.214)
(0.22166666666666668, 0.20200000000000001, 0.214)
(0.22166666666666668, 0.20200000000000001, 0.214)
(0.22166666666666668, 0.20200000000000001, 0.214)
(0.22177777777777777, 0.20200000000000001, 0.214)
(0.22177777777777777, 0.20200000000000001, 0.214)
(0.22177777777777777, 0.20200000000000001, 0.214)
(0.22177777777777777, 0.20200000000000001, 0.214)
(0.22177777777777777, 0.20200000000000001, 0.214)
(0.22177777777777777, 0.20200000000000001, 0.214)
(0.22177777777777777, 0.20200000000000001, 0.214)
(0.22211111111111112, 0.20200000000000001, 0.214)
(0.22222222222222221, 0.20200000000000001, 0.214)
(0.22222222222222221, 0.20200000000000001, 0.214)
(0.22222222222222221, 0.20200000000000001, 0.214)
(0.22222222222222221, 0.20200000000000001, 0.214)
(0.22211111111111112, 0.20200000000000001, 0.214)
(0.22222222222222221, 0.20200000000000001, 0.21299999999999999)
(0.22244444444444444, 0.20200000000000001, 0.21299999999999999)
(0.22244444444444444, 0.20200000000000001, 0.21299999999999999)
(0.22244444444444444, 0.20200000000000001, 0.21299999999999999)
(0.22244444444444444, 0.20100000000000001, 0.21299999999999999)
(0.22255555555555556, 0.20100000000000001, 0.21299999999999999)
(0.22255555555555556, 0.20100000000000001, 0.21299999999999999)
(0.22255555555555556, 0.20100000000000001, 0.21299999999999999)
(0.22266666666666668, 0.20100000000000001, 0.21299999999999999)
(0.22255555555555556, 0.20100000000000001, 0.21299999999999999)
(0.22255555555555556, 0.20100000000000001, 0.21299999999999999)
(0.22266666666666668, 0.20100000000000001, 0.21299999999999999)
(0.22266666666666668, 0.20100000000000001, 0.21299999999999999)
(0.22288888888888889, 0.20100000000000001, 0.21299999999999999)
(0.22288888888888889, 0.20100000000000001, 0.21299999999999999)
(0.22288888888888889, 0.20100000000000001, 0.21299999999999999)
(0.22288888888888889, 0.20100000000000001, 0.21299999999999999)
(0.22288888888888889, 0.20100000000000001, 0.21299999999999999)
(0.22266666666666668, 0.20100000000000001, 0.21299999999999999)
(0.22255555555555556, 0.20100000000000001, 0.21299999999999999)
(0.22244444444444444, 0.20100000000000001, 0.21299999999999999)
(0.22255555555555556, 0.20100000000000001, 0.21299999999999999)
(0.22255555555555556, 0.20100000000000001, 0.21299999999999999)
(0.22255555555555556, 0.20100000000000001, 0.21299999999999999)
(0.22255555555555556, 0.20100000000000001, 0.21299999999999999)
(0.22266666666666668, 0.20100000000000001, 0.21199999999999999)
(0.22266666666666668, 0.20100000000000001, 0.21199999999999999)
(0.22277777777777777, 0.20100000000000001, 0.21199999999999999)
(0.22277777777777777, 0.20100000000000001, 0.21199999999999999)
(0.22277777777777777, 0.20100000000000001, 0.21199999999999999)
(0.22277777777777777, 0.20100000000000001, 0.21199999999999999)
(0.22288888888888889, 0.20100000000000001, 0.21199999999999999)
(0.22288888888888889, 0.20100000000000001, 0.21199999999999999)
(0.22288888888888889, 0.20100000000000001, 0.21199999999999999)
(0.22288888888888889, 0.20000000000000001, 0.21199999999999999)
(0.22288888888888889, 0.20000000000000001, 0.21199999999999999)
(0.22277777777777777, 0.20000000000000001, 0.21199999999999999)
(0.22288888888888889, 0.20000000000000001, 0.21199999999999999)
(0.22288888888888889, 0.20000000000000001, 0.21299999999999999)
(0.223, 0.20000000000000001, 0.21299999999999999)
(0.22288888888888889, 0.20000000000000001, 0.21299999999999999)
(0.22277777777777777, 0.20000000000000001, 0.21299999999999999)
(0.22277777777777777, 0.20000000000000001, 0.21299999999999999)
(0.22277777777777777, 0.19900000000000001, 0.21299999999999999)
(0.22288888888888889, 0.19900000000000001, 0.21299999999999999)
(0.223, 0.19900000000000001, 0.21299999999999999)
(0.223, 0.19900000000000001, 0.21299999999999999)
(0.223, 0.19900000000000001, 0.21299999999999999)
(0.223, 0.19900000000000001, 0.21299999999999999)
(0.22288888888888889, 0.19900000000000001, 0.21299999999999999)
(0.223, 0.19900000000000001, 0.21299999999999999)
(0.22333333333333333, 0.19900000000000001, 0.21299999999999999)
(0.22333333333333333, 0.19900000000000001, 0.21299999999999999)
(0.22333333333333333, 0.19900000000000001, 0.21299999999999999)
(0.22333333333333333, 0.19900000000000001, 0.21299999999999999)
(0.22333333333333333, 0.19900000000000001, 0.21299999999999999)
(0.22344444444444445, 0.19900000000000001, 0.21299999999999999)
(0.22344444444444445, 0.19900000000000001, 0.21299999999999999)
(0.22333333333333333, 0.19900000000000001, 0.21299999999999999)
(0.22333333333333333, 0.19900000000000001, 0.21299999999999999)
(0.22333333333333333, 0.19900000000000001, 0.21299999999999999)
(0.22344444444444445, 0.20000000000000001, 0.21299999999999999)
(0.22344444444444445, 0.20000000000000001, 0.21299999999999999)
(0.22333333333333333, 0.20000000000000001, 0.21299999999999999)
(0.22344444444444445, 0.20000000000000001, 0.21299999999999999)
(0.22344444444444445, 0.20000000000000001, 0.21299999999999999)
(0.22355555555555556, 0.20000000000000001, 0.21299999999999999)
(0.22355555555555556, 0.20000000000000001, 0.21299999999999999)
(0.22344444444444445, 0.20000000000000001, 0.21299999999999999)
(0.22344444444444445, 0.20000000000000001, 0.21299999999999999)
(0.22344444444444445, 0.20000000000000001, 0.21299999999999999)
(0.22344444444444445, 0.20000000000000001, 0.21299999999999999)
(0.22344444444444445, 0.20000000000000001, 0.21299999999999999)
(0.22333333333333333, 0.20000000000000001, 0.21299999999999999)
(0.22355555555555556, 0.20000000000000001, 0.21299999999999999)
(0.22366666666666668, 0.20000000000000001, 0.21299999999999999)
(0.22366666666666668, 0.20000000000000001, 0.21299999999999999)
(0.22355555555555556, 0.20000000000000001, 0.21299999999999999)
(0.22344444444444445, 0.20000000000000001, 0.21299999999999999)
(0.22344444444444445, 0.20000000000000001, 0.21299999999999999)
(0.22344444444444445, 0.20000000000000001, 0.21299999999999999)
(0.22355555555555556, 0.20000000000000001, 0.21299999999999999)
(0.22355555555555556, 0.20000000000000001, 0.21299999999999999)
(0.22355555555555556, 0.20000000000000001, 0.21299999999999999)
(0.22355555555555556, 0.20000000000000001, 0.21299999999999999)
(0.22355555555555556, 0.20000000000000001, 0.21299999999999999)
(0.22355555555555556, 0.20000000000000001, 0.21299999999999999)
(0.22355555555555556, 0.20000000000000001, 0.21299999999999999)
(0.22366666666666668, 0.20000000000000001, 0.21299999999999999)
(0.22366666666666668, 0.20000000000000001, 0.21299999999999999)
(0.22377777777777777, 0.20000000000000001, 0.21299999999999999)
(0.22377777777777777, 0.20000000000000001, 0.21299999999999999)
(0.22377777777777777, 0.20000000000000001, 0.21299999999999999)
(0.22366666666666668, 0.20000000000000001, 0.21299999999999999)
(0.22366666666666668, 0.20000000000000001, 0.21299999999999999)
(0.22366666666666668, 0.20000000000000001, 0.21299999999999999)
(0.22388888888888889, 0.20000000000000001, 0.21299999999999999)
(0.22388888888888889, 0.20000000000000001, 0.21299999999999999)
(0.22388888888888889, 0.20000000000000001, 0.21299999999999999)
(0.22388888888888889, 0.20000000000000001, 0.21299999999999999)
(0.22388888888888889, 0.20000000000000001, 0.21299999999999999)
(0.22388888888888889, 0.20000000000000001, 0.21299999999999999)
(0.22388888888888889, 0.20000000000000001, 0.21299999999999999)
(0.22388888888888889, 0.20000000000000001, 0.21299999999999999)
(0.22388888888888889, 0.20000000000000001, 0.21299999999999999)
(0.22388888888888889, 0.20000000000000001, 0.21299999999999999)
(0.224, 0.20000000000000001, 0.21299999999999999)
(0.224, 0.20000000000000001, 0.21299999999999999)
(0.224, 0.20000000000000001, 0.21299999999999999)
(0.22422222222222221, 0.20000000000000001, 0.21299999999999999)
(0.22422222222222221, 0.20000000000000001, 0.214)
(0.22422222222222221, 0.20000000000000001, 0.214)
(0.22422222222222221, 0.20000000000000001, 0.214)
(0.22422222222222221, 0.20000000000000001, 0.214)
(0.22433333333333333, 0.20000000000000001, 0.214)
(0.22422222222222221, 0.20000000000000001, 0.214)
(0.22422222222222221, 0.20000000000000001, 0.214)
(0.22433333333333333, 0.20000000000000001, 0.214)
(0.22422222222222221, 0.20000000000000001, 0.214)
(0.22422222222222221, 0.20000000000000001, 0.214)
(0.22422222222222221, 0.20000000000000001, 0.214)
(0.22422222222222221, 0.20000000000000001, 0.214)
(0.22422222222222221, 0.20000000000000001, 0.214)
(0.22422222222222221, 0.20100000000000001, 0.214)
(0.22422222222222221, 0.20100000000000001, 0.214)
(0.22422222222222221, 0.20100000000000001, 0.214)
(0.22422222222222221, 0.20200000000000001, 0.214)
(0.22433333333333333, 0.20200000000000001, 0.214)
(0.22433333333333333, 0.20200000000000001, 0.214)
(0.22433333333333333, 0.20200000000000001, 0.21299999999999999)
(0.22433333333333333, 0.20200000000000001, 0.21299999999999999)
(0.22444444444444445, 0.20200000000000001, 0.21299999999999999)
(0.22455555555555556, 0.20200000000000001, 0.21299999999999999)
(0.22444444444444445, 0.20300000000000001, 0.21299999999999999)
(0.22433333333333333, 0.20300000000000001, 0.21299999999999999)
(0.22455555555555556, 0.20300000000000001, 0.21299999999999999)
(0.22466666666666665, 0.20300000000000001, 0.21299999999999999)
(0.22466666666666665, 0.20300000000000001, 0.21299999999999999)
(0.22477777777777777, 0.20499999999999999, 0.21299999999999999)
(0.22477777777777777, 0.20499999999999999, 0.21299999999999999)
(0.22466666666666665, 0.20499999999999999, 0.21299999999999999)
(0.22477777777777777, 0.20499999999999999, 0.21299999999999999)
(0.22477777777777777, 0.20499999999999999, 0.21299999999999999)
(0.22477777777777777, 0.20599999999999999, 0.21299999999999999)
(0.22477777777777777, 0.20599999999999999, 0.21299999999999999)
(0.22477777777777777, 0.20599999999999999, 0.21299999999999999)
(0.22466666666666665, 0.20599999999999999, 0.21299999999999999)
(0.22466666666666665, 0.20699999999999999, 0.21299999999999999)
(0.22466666666666665, 0.20699999999999999, 0.21299999999999999)
(0.22477777777777777, 0.20699999999999999, 0.21299999999999999)
(0.22477777777777777, 0.20699999999999999, 0.21299999999999999)
(0.22455555555555556, 0.20699999999999999, 0.21299999999999999)
(0.22455555555555556, 0.20699999999999999, 0.21299999999999999)
(0.22455555555555556, 0.20699999999999999, 0.21299999999999999)
(0.22466666666666665, 0.20699999999999999, 0.21299999999999999)
(0.22466666666666665, 0.20699999999999999, 0.21299999999999999)
(0.22477777777777777, 0.20699999999999999, 0.21299999999999999)
(0.22488888888888889, 0.20699999999999999, 0.21299999999999999)
(0.22477777777777777, 0.20699999999999999, 0.21299999999999999)
(0.22477777777777777, 0.20699999999999999, 0.21299999999999999)
(0.22477777777777777, 0.20699999999999999, 0.21299999999999999)
(0.22477777777777777, 0.20799999999999999, 0.21299999999999999)
(0.22488888888888889, 0.20799999999999999, 0.21299999999999999)
(0.22488888888888889, 0.20799999999999999, 0.21299999999999999)
(0.22488888888888889, 0.20799999999999999, 0.21299999999999999)
(0.22500000000000001, 0.20799999999999999, 0.21299999999999999)
(0.22488888888888889, 0.20799999999999999, 0.21299999999999999)
(0.22500000000000001, 0.20799999999999999, 0.21299999999999999)
(0.22500000000000001, 0.20799999999999999, 0.21299999999999999)
(0.22500000000000001, 0.20799999999999999, 0.21299999999999999)
(0.22488888888888889, 0.20799999999999999, 0.21299999999999999)
(0.22500000000000001, 0.20799999999999999, 0.21299999999999999)
(0.22500000000000001, 0.20799999999999999, 0.21299999999999999)
(0.22500000000000001, 0.20799999999999999, 0.21299999999999999)
(0.22500000000000001, 0.20799999999999999, 0.21299999999999999)
(0.22500000000000001, 0.20799999999999999, 0.21299999999999999)
(0.22500000000000001, 0.20799999999999999, 0.21299999999999999)
(0.22511111111111112, 0.20799999999999999, 0.21299999999999999)
(0.22511111111111112, 0.20799999999999999, 0.21299999999999999)
(0.22511111111111112, 0.20799999999999999, 0.21299999999999999)
(0.22511111111111112, 0.20799999999999999, 0.21299999999999999)
(0.22522222222222221, 0.20799999999999999, 0.21299999999999999)
(0.22533333333333333, 0.20799999999999999, 0.21299999999999999)
(0.22533333333333333, 0.20799999999999999, 0.21299999999999999)
(0.22533333333333333, 0.20799999999999999, 0.21299999999999999)
(0.22533333333333333, 0.20799999999999999, 0.21299999999999999)
(0.22533333333333333, 0.20799999999999999, 0.21299999999999999)
(0.22533333333333333, 0.20799999999999999, 0.21299999999999999)
(0.22522222222222221, 0.20799999999999999, 0.21299999999999999)
(0.22533333333333333, 0.20799999999999999, 0.21299999999999999)
(0.22544444444444445, 0.20799999999999999, 0.21299999999999999)
(0.22544444444444445, 0.20799999999999999, 0.21299999999999999)
(0.22544444444444445, 0.20799999999999999, 0.21299999999999999)
(0.22555555555555556, 0.20799999999999999, 0.21299999999999999)
(0.22555555555555556, 0.20799999999999999, 0.21299999999999999)
(0.22544444444444445, 0.20799999999999999, 0.21299999999999999)
(0.22544444444444445, 0.20799999999999999, 0.21299999999999999)
(0.22555555555555556, 0.20799999999999999, 0.21299999999999999)
(0.22555555555555556, 0.20799999999999999, 0.21299999999999999)
(0.22544444444444445, 0.20799999999999999, 0.21299999999999999)
(0.22544444444444445, 0.20799999999999999, 0.21299999999999999)
(0.22544444444444445, 0.20799999999999999, 0.21299999999999999)
(0.22544444444444445, 0.20799999999999999, 0.21299999999999999)
(0.22544444444444445, 0.20799999999999999, 0.21199999999999999)
(0.22544444444444445, 0.20799999999999999, 0.21199999999999999)
(0.22544444444444445, 0.20799999999999999, 0.21199999999999999)
(0.22544444444444445, 0.20799999999999999, 0.21199999999999999)
(0.22544444444444445, 0.20799999999999999, 0.21199999999999999)
(0.22544444444444445, 0.20799999999999999, 0.21199999999999999)
(0.22555555555555556, 0.20799999999999999, 0.21199999999999999)
(0.22555555555555556, 0.20799999999999999, 0.21199999999999999)
(0.22555555555555556, 0.20799999999999999, 0.21199999999999999)
(0.22555555555555556, 0.20799999999999999, 0.21199999999999999)
(0.22555555555555556, 0.20799999999999999, 0.21199999999999999)
(0.22555555555555556, 0.20799999999999999, 0.21199999999999999)
(0.22555555555555556, 0.20799999999999999, 0.21199999999999999)
(0.22555555555555556, 0.20799999999999999, 0.21199999999999999)
(0.22555555555555556, 0.20799999999999999, 0.21199999999999999)
(0.22555555555555556, 0.20799999999999999, 0.21199999999999999)
(0.22566666666666665, 0.20799999999999999, 0.21199999999999999)
(0.22566666666666665, 0.20799999999999999, 0.21199999999999999)
(0.22588888888888889, 0.20799999999999999, 0.21199999999999999)
(0.22588888888888889, 0.20799999999999999, 0.21199999999999999)
(0.22588888888888889, 0.20799999999999999, 0.21199999999999999)
(0.22588888888888889, 0.20799999999999999, 0.21199999999999999)
(0.22588888888888889, 0.20799999999999999, 0.21199999999999999)
(0.22588888888888889, 0.20799999999999999, 0.21199999999999999)
(0.22588888888888889, 0.20799999999999999, 0.21199999999999999)
(0.22588888888888889, 0.20799999999999999, 0.21199999999999999)
(0.22577777777777777, 0.20799999999999999, 0.21199999999999999)
(0.22577777777777777, 0.20799999999999999, 0.21199999999999999)
(0.22588888888888889, 0.20799999999999999, 0.21199999999999999)
(0.22588888888888889, 0.20799999999999999, 0.21199999999999999)
(0.22577777777777777, 0.20799999999999999, 0.21199999999999999)
(0.22577777777777777, 0.20799999999999999, 0.21199999999999999)
(0.22577777777777777, 0.20799999999999999, 0.21199999999999999)
(0.22577777777777777, 0.20799999999999999, 0.21199999999999999)
(0.22588888888888889, 0.20799999999999999, 0.21199999999999999)
(0.22588888888888889, 0.20799999999999999, 0.21199999999999999)
(0.22588888888888889, 0.20799999999999999, 0.21199999999999999)
(0.22588888888888889, 0.20799999999999999, 0.21199999999999999)
(0.22588888888888889, 0.20799999999999999, 0.21199999999999999)
(0.22600000000000001, 0.20799999999999999, 0.21199999999999999)
(0.22600000000000001, 0.20799999999999999, 0.21199999999999999)
(0.22600000000000001, 0.20799999999999999, 0.21199999999999999)
(0.22600000000000001, 0.20799999999999999, 0.21199999999999999)
(0.22600000000000001, 0.20799999999999999, 0.21199999999999999)
(0.22611111111111112, 0.20799999999999999, 0.21199999999999999)
(0.22611111111111112, 0.20799999999999999, 0.21199999999999999)
(0.22622222222222221, 0.20799999999999999, 0.21199999999999999)
(0.22633333333333333, 0.20799999999999999, 0.21199999999999999)
(0.22633333333333333, 0.20799999999999999, 0.21199999999999999)
(0.22644444444444445, 0.20799999999999999, 0.21199999999999999)
(0.22644444444444445, 0.20799999999999999, 0.21199999999999999)
(0.22644444444444445, 0.20799999999999999, 0.21199999999999999)
(0.22644444444444445, 0.20799999999999999, 0.21199999999999999)
(0.22644444444444445, 0.20799999999999999, 0.21199999999999999)
(0.22644444444444445, 0.20799999999999999, 0.21199999999999999)
(0.22644444444444445, 0.20799999999999999, 0.21199999999999999)
(0.22644444444444445, 0.20799999999999999, 0.21199999999999999)
(0.22644444444444445, 0.20799999999999999, 0.21199999999999999)
(0.22644444444444445, 0.20799999999999999, 0.21199999999999999)
(0.22644444444444445, 0.20799999999999999, 0.21199999999999999)
(0.22644444444444445, 0.20899999999999999, 0.21199999999999999)
(0.22655555555555557, 0.20899999999999999, 0.21199999999999999)
(0.22666666666666666, 0.20899999999999999, 0.21199999999999999)
(0.22677777777777777, 0.20899999999999999, 0.21199999999999999)
(0.22677777777777777, 0.20899999999999999, 0.21199999999999999)
(0.22677777777777777, 0.20899999999999999, 0.21199999999999999)
(0.22677777777777777, 0.20899999999999999, 0.21199999999999999)
(0.22677777777777777, 0.20899999999999999, 0.21199999999999999)
(0.22677777777777777, 0.20899999999999999, 0.21199999999999999)
(0.22677777777777777, 0.20899999999999999, 0.21199999999999999)
(0.22688888888888889, 0.20899999999999999, 0.21199999999999999)
(0.22700000000000001, 0.20899999999999999, 0.21199999999999999)
(0.22700000000000001, 0.20899999999999999, 0.21199999999999999)
(0.22700000000000001, 0.20899999999999999, 0.21199999999999999)
(0.22700000000000001, 0.20899999999999999, 0.21199999999999999)
(0.22700000000000001, 0.20899999999999999, 0.21199999999999999)
(0.22700000000000001, 0.20899999999999999, 0.21199999999999999)
(0.22700000000000001, 0.20899999999999999, 0.21199999999999999)
(0.22700000000000001, 0.20899999999999999, 0.21199999999999999)
(0.22700000000000001, 0.20899999999999999, 0.21199999999999999)
(0.22700000000000001, 0.20899999999999999, 0.21199999999999999)
(0.22711111111111112, 0.20899999999999999, 0.21199999999999999)
(0.22711111111111112, 0.20899999999999999, 0.21199999999999999)
(0.22711111111111112, 0.20899999999999999, 0.21199999999999999)
(0.22711111111111112, 0.20899999999999999, 0.21199999999999999)
(0.22711111111111112, 0.20899999999999999, 0.21199999999999999)
(0.22711111111111112, 0.20899999999999999, 0.21199999999999999)
(0.22711111111111112, 0.20899999999999999, 0.21199999999999999)
(0.22711111111111112, 0.20899999999999999, 0.21199999999999999)
(0.22711111111111112, 0.20899999999999999, 0.21199999999999999)
(0.22711111111111112, 0.20899999999999999, 0.21199999999999999)
(0.22711111111111112, 0.20899999999999999, 0.21199999999999999)
(0.22711111111111112, 0.20899999999999999, 0.21199999999999999)
(0.22711111111111112, 0.20899999999999999, 0.21199999999999999)
(0.22711111111111112, 0.20899999999999999, 0.21199999999999999)
(0.22722222222222221, 0.20899999999999999, 0.21199999999999999)
(0.22722222222222221, 0.20899999999999999, 0.21199999999999999)
(0.22722222222222221, 0.20899999999999999, 0.21199999999999999)
(0.22722222222222221, 0.20899999999999999, 0.21199999999999999)
(0.22722222222222221, 0.20899999999999999, 0.21199999999999999)
(0.22733333333333333, 0.20899999999999999, 0.21199999999999999)
(0.22733333333333333, 0.20799999999999999, 0.21199999999999999)
(0.22744444444444445, 0.20799999999999999, 0.21199999999999999)
(0.22733333333333333, 0.20799999999999999, 0.21199999999999999)
(0.22733333333333333, 0.20799999999999999, 0.21199999999999999)
(0.22733333333333333, 0.20799999999999999, 0.21199999999999999)
(0.22733333333333333, 0.20799999999999999, 0.21199999999999999)
(0.22733333333333333, 0.20799999999999999, 0.21199999999999999)
(0.22733333333333333, 0.20799999999999999, 0.21199999999999999)
(0.22733333333333333, 0.20799999999999999, 0.21199999999999999)
(0.22733333333333333, 0.20799999999999999, 0.21199999999999999)
(0.22733333333333333, 0.20799999999999999, 0.21199999999999999)
(0.22733333333333333, 0.20799999999999999, 0.21199999999999999)
(0.22733333333333333, 0.20799999999999999, 0.21199999999999999)
(0.22733333333333333, 0.20799999999999999, 0.21199999999999999)
(0.22733333333333333, 0.20799999999999999, 0.21199999999999999)
(0.22733333333333333, 0.20799999999999999, 0.21199999999999999)
(0.22733333333333333, 0.20799999999999999, 0.21199999999999999)
(0.22733333333333333, 0.20799999999999999, 0.21199999999999999)
(0.22733333333333333, 0.20799999999999999, 0.21199999999999999)
(0.22744444444444445, 0.20799999999999999, 0.21199999999999999)
(0.22744444444444445, 0.20799999999999999, 0.21199999999999999)
(0.22744444444444445, 0.20799999999999999, 0.21199999999999999)
(0.22744444444444445, 0.20799999999999999, 0.21199999999999999)
(0.22744444444444445, 0.20799999999999999, 0.21199999999999999)
(0.22744444444444445, 0.20799999999999999, 0.21199999999999999)
(0.22744444444444445, 0.20799999999999999, 0.21199999999999999)
(0.22744444444444445, 0.20799999999999999, 0.21199999999999999)
(0.22755555555555557, 0.20799999999999999, 0.21199999999999999)
(0.22755555555555557, 0.20799999999999999, 0.21199999999999999)
(0.22755555555555557, 0.20799999999999999, 0.21199999999999999)
(0.22755555555555557, 0.20799999999999999, 0.21199999999999999)
(0.22755555555555557, 0.20799999999999999, 0.21199999999999999)
(0.22755555555555557, 0.20799999999999999, 0.21199999999999999)
