(0.087999999999999995, 0.11600000000000001, 0.095000000000000001)
(0.099222222222222226, 0.105, 0.096000000000000002)
(0.099222222222222226, 0.105, 0.096000000000000002)
(0.099222222222222226, 0.105, 0.096000000000000002)
(0.099222222222222226, 0.105, 0.096000000000000002)
(0.099222222222222226, 0.105, 0.096000000000000002)
(0.099222222222222226, 0.105, 0.096000000000000002)
(0.099222222222222226, 0.105, 0.096000000000000002)
(0.099222222222222226, 0.105, 0.096000000000000002)
(0.099222222222222226, 0.105, 0.096000000000000002)
(0.099222222222222226, 0.105, 0.096000000000000002)
(0.099222222222222226, 0.105, 0.096000000000000002)
(0.099222222222222226, 0.105, 0.096000000000000002)
(0.099222222222222226, 0.105, 0.096000000000000002)
(0.099222222222222226, 0.105, 0.096000000000000002)
(0.099222222222222226, 0.105, 0.096000000000000002)
(0.099222222222222226, 0.105, 0.096000000000000002)
(0.099222222222222226, 0.105, 0.096000000000000002)
(0.099222222222222226, 0.105, 0.096000000000000002)
(0.099222222222222226, 0.105, 0.096000000000000002)
(0.099222222222222226, 0.105, 0.096000000000000002)
(0.099222222222222226, 0.105, 0.096000000000000002)
(0.099222222222222226, 0.105, 0.096000000000000002)
(0.099222222222222226, 0.105, 0.096000000000000002)
(0.099222222222222226, 0.105, 0.096000000000000002)
(0.099222222222222226, 0.105, 0.096000000000000002)
(0.099222222222222226, 0.105, 0.096000000000000002)
(0.099222222222222226, 0.105, 0.096000000000000002)
(0.099222222222222226, 0.105, 0.096000000000000002)
(0.099222222222222226, 0.105, 0.096000000000000002)
(0.099222222222222226, 0.105, 0.096000000000000002)
(0.099222222222222226, 0.105, 0.096000000000000002)
(0.099222222222222226, 0.105, 0.096000000000000002)
(0.099222222222222226, 0.105, 0.096000000000000002)
(0.099222222222222226, 0.105, 0.096000000000000002)
(0.099222222222222226, 0.105, 0.096000000000000002)
(0.099222222222222226, 0.105, 0.096000000000000002)
(0.099222222222222226, 0.105, 0.096000000000000002)
(0.099222222222222226, 0.105, 0.096000000000000002)
(0.099222222222222226, 0.105, 0.096000000000000002)
(0.099222222222222226, 0.105, 0.096000000000000002)
(0.099222222222222226, 0.105, 0.096000000000000002)
(0.099222222222222226, 0.105, 0.096000000000000002)
(0.099222222222222226, 0.105, 0.096000000000000002)
(0.099222222222222226, 0.105, 0.096000000000000002)
(0.099222222222222226, 0.105, 0.096000000000000002)
(0.099222222222222226, 0.105, 0.096000000000000002)
(0.099222222222222226, 0.105, 0.096000000000000002)
(0.099222222222222226, 0.105, 0.096000000000000002)
(0.099222222222222226, 0.105, 0.096000000000000002)
(0.099222222222222226, 0.105, 0.096000000000000002)
(0.099222222222222226, 0.105, 0.096000000000000002)
(0.099222222222222226, 0.105, 0.096000000000000002)
(0.099222222222222226, 0.105, 0.096000000000000002)
(0.099222222222222226, 0.105, 0.096000000000000002)
(0.099222222222222226, 0.105, 0.096000000000000002)
(0.099222222222222226, 0.105, 0.096000000000000002)
(0.099222222222222226, 0.105, 0.096000000000000002)
(0.099222222222222226, 0.105, 0.096000000000000002)
(0.099222222222222226, 0.105, 0.096000000000000002)
(0.099222222222222226, 0.105, 0.096000000000000002)
(0.099222222222222226, 0.105, 0.096000000000000002)
(0.099222222222222226, 0.105, 0.096000000000000002)
(0.19833333333333333, 0.189, 0.20100000000000001)
(0.20344444444444446, 0.19, 0.20999999999999999)
(0.14399999999999999, 0.123, 0.161)
(0.21244444444444444, 0.19500000000000001, 0.21299999999999999)
(0.21133333333333335, 0.19400000000000001, 0.21199999999999999)
(0.21099999999999999, 0.19400000000000001, 0.21099999999999999)
(0.21199999999999999, 0.19500000000000001, 0.21099999999999999)
(0.21277777777777779, 0.19600000000000001, 0.21199999999999999)
(0.21355555555555555, 0.19700000000000001, 0.21199999999999999)
(0.21333333333333335, 0.20000000000000001, 0.21199999999999999)
(0.21366666666666667, 0.19900000000000001, 0.21099999999999999)
(0.21344444444444444, 0.19900000000000001, 0.21099999999999999)
(0.21344444444444444, 0.19900000000000001, 0.21099999999999999)
(0.21311111111111111, 0.19900000000000001, 0.21099999999999999)
(0.21311111111111111, 0.19900000000000001, 0.21099999999999999)
(0.21299999999999999, 0.19800000000000001, 0.21099999999999999)
(0.21299999999999999, 0.19800000000000001, 0.21099999999999999)
(0.21288888888888888, 0.19800000000000001, 0.21199999999999999)
(0.21333333333333335, 0.19800000000000001, 0.21199999999999999)
(0.21344444444444444, 0.19900000000000001, 0.21199999999999999)
(0.21355555555555555, 0.19900000000000001, 0.21199999999999999)
(0.21355555555555555, 0.19900000000000001, 0.21199999999999999)
(0.21355555555555555, 0.19900000000000001, 0.21099999999999999)
(0.21355555555555555, 0.19800000000000001, 0.21099999999999999)
(0.21355555555555555, 0.19800000000000001, 0.21099999999999999)
(0.21366666666666667, 0.19800000000000001, 0.21099999999999999)
(0.21377777777777779, 0.19800000000000001, 0.21099999999999999)
(0.21388888888888888, 0.19900000000000001, 0.21099999999999999)
(0.21411111111111111, 0.20100000000000001, 0.21099999999999999)
(0.21344444444444444, 0.20100000000000001, 0.21099999999999999)
(0.214, 0.20000000000000001, 0.21099999999999999)
(0.21422222222222223, 0.19900000000000001, 0.20999999999999999)
(0.21388888888888888, 0.19900000000000001, 0.21099999999999999)
(0.21444444444444444, 0.20000000000000001, 0.21099999999999999)
(0.21433333333333332, 0.19800000000000001, 0.21099999999999999)
(0.21455555555555555, 0.19700000000000001, 0.21099999999999999)
(0.21422222222222223, 0.19700000000000001, 0.21099999999999999)
(0.21422222222222223, 0.19700000000000001, 0.21099999999999999)
(0.21422222222222223, 0.19700000000000001, 0.21199999999999999)
(0.21422222222222223, 0.19600000000000001, 0.21199999999999999)
(0.21411111111111111, 0.19700000000000001, 0.21099999999999999)
(0.21411111111111111, 0.19700000000000001, 0.20999999999999999)
(0.214, 0.19600000000000001, 0.21099999999999999)
(0.21411111111111111, 0.19700000000000001, 0.21099999999999999)
(0.21422222222222223, 0.19700000000000001, 0.20999999999999999)
(0.214, 0.19700000000000001, 0.21099999999999999)
(0.21377777777777779, 0.19600000000000001, 0.20999999999999999)
(0.21377777777777779, 0.19600000000000001, 0.20999999999999999)
(0.21388888888888888, 0.19600000000000001, 0.20999999999999999)
(0.21388888888888888, 0.19600000000000001, 0.20999999999999999)
(0.21355555555555555, 0.19700000000000001, 0.20899999999999999)
(0.21355555555555555, 0.19800000000000001, 0.20999999999999999)
(0.21366666666666667, 0.19800000000000001, 0.20999999999999999)
(0.21355555555555555, 0.19800000000000001, 0.20999999999999999)
(0.21377777777777779, 0.19800000000000001, 0.20999999999999999)
(0.21377777777777779, 0.19800000000000001, 0.20999999999999999)
(0.21355555555555555, 0.19800000000000001, 0.20999999999999999)
(0.21355555555555555, 0.19800000000000001, 0.20999999999999999)
(0.21344444444444444, 0.19800000000000001, 0.20999999999999999)
(0.21366666666666667, 0.19800000000000001, 0.20999999999999999)
(0.21344444444444444, 0.19800000000000001, 0.20999999999999999)
(0.21333333333333335, 0.19800000000000001, 0.20999999999999999)
(0.21344444444444444, 0.19800000000000001, 0.20999999999999999)
(0.21366666666666667, 0.19800000000000001, 0.20999999999999999)
(0.21366666666666667, 0.19900000000000001, 0.20999999999999999)
(0.21355555555555555, 0.19900000000000001, 0.21099999999999999)
(0.21355555555555555, 0.19900000000000001, 0.21099999999999999)
(0.21377777777777779, 0.19900000000000001, 0.21099999999999999)
(0.21377777777777779, 0.20000000000000001, 0.21099999999999999)
(0.21388888888888888, 0.20000000000000001, 0.21099999999999999)
(0.214, 0.19900000000000001, 0.21099999999999999)
(0.21388888888888888, 0.20000000000000001, 0.21099999999999999)
(0.21366666666666667, 0.20000000000000001, 0.21099999999999999)
(0.21377777777777779, 0.20000000000000001, 0.21099999999999999)
(0.21366666666666667, 0.20000000000000001, 0.21099999999999999)
(0.21355555555555555, 0.20000000000000001, 0.21099999999999999)
(0.21355555555555555, 0.20100000000000001, 0.21099999999999999)
(0.21355555555555555, 0.20100000000000001, 0.21099999999999999)
(0.21355555555555555, 0.20100000000000001, 0.21099999999999999)
(0.21366666666666667, 0.20000000000000001, 0.21099999999999999)
(0.21366666666666667, 0.20000000000000001, 0.21099999999999999)
(0.21366666666666667, 0.20000000000000001, 0.21099999999999999)
(0.21366666666666667, 0.20100000000000001, 0.21099999999999999)
(0.21366666666666667, 0.20100000000000001, 0.20999999999999999)
(0.21377777777777779, 0.20100000000000001, 0.20999999999999999)
(0.21388888888888888, 0.20100000000000001, 0.20999999999999999)
(0.21388888888888888, 0.20000000000000001, 0.20999999999999999)
(0.21388888888888888, 0.20000000000000001, 0.20999999999999999)
(0.214, 0.19900000000000001, 0.20999999999999999)
(0.21422222222222223, 0.19900000000000001, 0.20999999999999999)
(0.21388888888888888, 0.19900000000000001, 0.20999999999999999)
(0.21411111111111111, 0.19900000000000001, 0.20999999999999999)
(0.214, 0.19900000000000001, 0.21099999999999999)
(0.21433333333333332, 0.19900000000000001, 0.20999999999999999)
(0.21422222222222223, 0.19800000000000001, 0.21099999999999999)
(0.21388888888888888, 0.19800000000000001, 0.21099999999999999)
(0.21377777777777779, 0.19700000000000001, 0.21099999999999999)
(0.21377777777777779, 0.19700000000000001, 0.21099999999999999)
(0.21388888888888888, 0.19700000000000001, 0.21099999999999999)
(0.21377777777777779, 0.19800000000000001, 0.21099999999999999)
(0.21355555555555555, 0.19700000000000001, 0.21099999999999999)
(0.21366666666666667, 0.19700000000000001, 0.21099999999999999)
(0.214, 0.19700000000000001, 0.21099999999999999)
(0.21333333333333335, 0.19700000000000001, 0.21099999999999999)
(0.21344444444444444, 0.19700000000000001, 0.21099999999999999)
(0.21366666666666667, 0.19700000000000001, 0.21099999999999999)
(0.21366666666666667, 0.19700000000000001, 0.21099999999999999)
(0.21366666666666667, 0.19700000000000001, 0.20999999999999999)
(0.21355555555555555, 0.19700000000000001, 0.21099999999999999)
(0.21377777777777779, 0.19600000000000001, 0.21099999999999999)
(0.21366666666666667, 0.19700000000000001, 0.21099999999999999)
(0.21377777777777779, 0.19700000000000001, 0.21099999999999999)
(0.21366666666666667, 0.19700000000000001, 0.21099999999999999)
(0.21388888888888888, 0.19700000000000001, 0.21099999999999999)
(0.21366666666666667, 0.19700000000000001, 0.21099999999999999)
(0.21366666666666667, 0.19700000000000001, 0.21099999999999999)
(0.21366666666666667, 0.19700000000000001, 0.21099999999999999)
(0.21366666666666667, 0.19700000000000001, 0.21099999999999999)
(0.21366666666666667, 0.19700000000000001, 0.21099999999999999)
(0.21377777777777779, 0.19700000000000001, 0.21099999999999999)
(0.21366666666666667, 0.19700000000000001, 0.21099999999999999)
(0.21366666666666667, 0.19700000000000001, 0.21099999999999999)
(0.21355555555555555, 0.19700000000000001, 0.21099999999999999)
(0.21366666666666667, 0.19700000000000001, 0.21099999999999999)
(0.21366666666666667, 0.19800000000000001, 0.21099999999999999)
(0.21355555555555555, 0.19700000000000001, 0.21099999999999999)
(0.21344444444444444, 0.19700000000000001, 0.21099999999999999)
(0.21377777777777779, 0.19700000000000001, 0.21099999999999999)
(0.21366666666666667, 0.19700000000000001, 0.21099999999999999)
(0.21377777777777779, 0.19700000000000001, 0.21099999999999999)
(0.21344444444444444, 0.19600000000000001, 0.21099999999999999)
(0.21344444444444444, 0.19700000000000001, 0.21099999999999999)
(0.21355555555555555, 0.19700000000000001, 0.21099999999999999)
(0.21266666666666667, 0.19500000000000001, 0.20899999999999999)
(0.21333333333333335, 0.19500000000000001, 0.20999999999999999)
(0.21366666666666667, 0.19600000000000001, 0.21099999999999999)
(0.21333333333333335, 0.19500000000000001, 0.20999999999999999)
(0.21344444444444444, 0.19500000000000001, 0.20999999999999999)
(0.21299999999999999, 0.19500000000000001, 0.20999999999999999)
(0.21288888888888888, 0.19500000000000001, 0.20999999999999999)
(0.21322222222222223, 0.19500000000000001, 0.21099999999999999)
(0.21277777777777779, 0.19500000000000001, 0.20999999999999999)
(0.21322222222222223, 0.19500000000000001, 0.20999999999999999)
(0.21322222222222223, 0.19500000000000001, 0.20999999999999999)
(0.21311111111111111, 0.19500000000000001, 0.21099999999999999)
(0.21322222222222223, 0.19500000000000001, 0.20999999999999999)
(0.21322222222222223, 0.19500000000000001, 0.20999999999999999)
(0.21311111111111111, 0.19500000000000001, 0.21099999999999999)
(0.21299999999999999, 0.19500000000000001, 0.20999999999999999)
(0.21311111111111111, 0.19500000000000001, 0.21099999999999999)
(0.21277777777777779, 0.19500000000000001, 0.20999999999999999)
(0.21322222222222223, 0.19500000000000001, 0.20999999999999999)
(0.21322222222222223, 0.19500000000000001, 0.20999999999999999)
(0.21288888888888888, 0.19500000000000001, 0.20999999999999999)
(0.21299999999999999, 0.19500000000000001, 0.20999999999999999)
(0.21344444444444444, 0.19600000000000001, 0.21099999999999999)
(0.21344444444444444, 0.19500000000000001, 0.20999999999999999)
(0.21299999999999999, 0.19500000000000001, 0.20999999999999999)
(0.21255555555555555, 0.19500000000000001, 0.20999999999999999)
(0.21322222222222223, 0.19600000000000001, 0.21099999999999999)
(0.21244444444444444, 0.19500000000000001, 0.20899999999999999)
(0.21255555555555555, 0.19500000000000001, 0.20999999999999999)
(0.21322222222222223, 0.19500000000000001, 0.20999999999999999)
(0.21322222222222223, 0.19500000000000001, 0.20999999999999999)
(0.21299999999999999, 0.19500000000000001, 0.20899999999999999)
(0.21244444444444444, 0.19600000000000001, 0.20999999999999999)
(0.21255555555555555, 0.19500000000000001, 0.20899999999999999)
(0.21266666666666667, 0.19500000000000001, 0.20899999999999999)
(0.21266666666666667, 0.19500000000000001, 0.20999999999999999)
(0.21266666666666667, 0.19500000000000001, 0.20899999999999999)
(0.21299999999999999, 0.19400000000000001, 0.21099999999999999)
(0.21322222222222223, 0.19500000000000001, 0.20999999999999999)
(0.21299999999999999, 0.19500000000000001, 0.20899999999999999)
(0.21233333333333335, 0.19600000000000001, 0.21099999999999999)
(0.21277777777777779, 0.19500000000000001, 0.20899999999999999)
(0.21333333333333335, 0.19600000000000001, 0.20999999999999999)
(0.21266666666666667, 0.19500000000000001, 0.20899999999999999)
(0.21299999999999999, 0.19400000000000001, 0.21099999999999999)
(0.21255555555555555, 0.19500000000000001, 0.20999999999999999)
(0.21311111111111111, 0.19500000000000001, 0.21099999999999999)
(0.21299999999999999, 0.19500000000000001, 0.20899999999999999)
(0.21288888888888888, 0.19500000000000001, 0.21099999999999999)
(0.21299999999999999, 0.19500000000000001, 0.20899999999999999)
(0.21277777777777779, 0.19600000000000001, 0.20899999999999999)
(0.21233333333333335, 0.19600000000000001, 0.20999999999999999)
(0.21333333333333335, 0.19500000000000001, 0.21099999999999999)
(0.21333333333333335, 0.19500000000000001, 0.21099999999999999)
(0.21266666666666667, 0.19600000000000001, 0.20999999999999999)
(0.21233333333333335, 0.19600000000000001, 0.20999999999999999)
(0.21333333333333335, 0.19500000000000001, 0.21099999999999999)
(0.21277777777777779, 0.19500000000000001, 0.21099999999999999)
(0.21222222222222223, 0.19500000000000001, 0.20999999999999999)
(0.21199999999999999, 0.19600000000000001, 0.21099999999999999)
(0.21288888888888888, 0.19500000000000001, 0.21099999999999999)
(0.21277777777777779, 0.19500000000000001, 0.20899999999999999)
(0.21233333333333335, 0.19500000000000001, 0.20999999999999999)
(0.21299999999999999, 0.19500000000000001, 0.21099999999999999)
(0.21288888888888888, 0.19500000000000001, 0.21099999999999999)
(0.21211111111111111, 0.19600000000000001, 0.20999999999999999)
(0.21222222222222223, 0.19600000000000001, 0.20899999999999999)
(0.21211111111111111, 0.19500000000000001, 0.20999999999999999)
(0.21299999999999999, 0.19500000000000001, 0.20999999999999999)
(0.21299999999999999, 0.19400000000000001, 0.21199999999999999)
(0.21255555555555555, 0.19500000000000001, 0.20899999999999999)
(0.21277777777777779, 0.19600000000000001, 0.20999999999999999)
(0.21211111111111111, 0.19500000000000001, 0.21099999999999999)
(0.21288888888888888, 0.19500000000000001, 0.21199999999999999)
(0.21266666666666667, 0.19500000000000001, 0.21099999999999999)
(0.21288888888888888, 0.19500000000000001, 0.21099999999999999)
(0.21322222222222223, 0.19500000000000001, 0.21199999999999999)
(0.21222222222222223, 0.19700000000000001, 0.21099999999999999)
(0.21199999999999999, 0.19600000000000001, 0.20999999999999999)
(0.21322222222222223, 0.19500000000000001, 0.21099999999999999)
(0.21377777777777779, 0.19500000000000001, 0.21199999999999999)
(0.21322222222222223, 0.19600000000000001, 0.21099999999999999)
(0.21277777777777779, 0.19600000000000001, 0.21299999999999999)
(0.21222222222222223, 0.19600000000000001, 0.21299999999999999)
(0.21344444444444444, 0.19600000000000001, 0.21099999999999999)
(0.21188888888888888, 0.19600000000000001, 0.20999999999999999)
(0.21255555555555555, 0.19600000000000001, 0.21099999999999999)
(0.21233333333333335, 0.19600000000000001, 0.20999999999999999)
(0.21344444444444444, 0.19500000000000001, 0.21199999999999999)
(0.21277777777777779, 0.19500000000000001, 0.21099999999999999)
(0.21244444444444444, 0.19600000000000001, 0.21099999999999999)
(0.21211111111111111, 0.19600000000000001, 0.20999999999999999)
(0.21311111111111111, 0.19600000000000001, 0.21099999999999999)
(0.21344444444444444, 0.19700000000000001, 0.21099999999999999)
(0.21322222222222223, 0.19500000000000001, 0.21099999999999999)
(0.21322222222222223, 0.19500000000000001, 0.21099999999999999)
(0.21244444444444444, 0.19700000000000001, 0.20999999999999999)
(0.21277777777777779, 0.19500000000000001, 0.21099999999999999)
(0.21266666666666667, 0.19500000000000001, 0.21099999999999999)
(0.21333333333333335, 0.19600000000000001, 0.21099999999999999)
(0.21288888888888888, 0.19600000000000001, 0.20899999999999999)
(0.21344444444444444, 0.19600000000000001, 0.21199999999999999)
(0.21277777777777779, 0.19500000000000001, 0.21099999999999999)
(0.21344444444444444, 0.19700000000000001, 0.21099999999999999)
(0.21322222222222223, 0.19600000000000001, 0.21099999999999999)
(0.21255555555555555, 0.19400000000000001, 0.21099999999999999)
(0.21255555555555555, 0.19500000000000001, 0.20999999999999999)
(0.21299999999999999, 0.19500000000000001, 0.21299999999999999)
(0.21266666666666667, 0.19500000000000001, 0.21299999999999999)
(0.21255555555555555, 0.19600000000000001, 0.21299999999999999)
(0.21288888888888888, 0.19600000000000001, 0.21199999999999999)
(0.21266666666666667, 0.19400000000000001, 0.21299999999999999)
(0.21255555555555555, 0.19400000000000001, 0.21199999999999999)
(0.21311111111111111, 0.19700000000000001, 0.21199999999999999)
(0.21233333333333335, 0.19500000000000001, 0.21099999999999999)
(0.21222222222222223, 0.19400000000000001, 0.21199999999999999)
(0.21233333333333335, 0.19600000000000001, 0.21099999999999999)
(0.21311111111111111, 0.19600000000000001, 0.21199999999999999)
(0.21244444444444444, 0.19600000000000001, 0.21099999999999999)
(0.21244444444444444, 0.19700000000000001, 0.21099999999999999)
(0.21222222222222223, 0.19600000000000001, 0.21099999999999999)
(0.21255555555555555, 0.19600000000000001, 0.21099999999999999)
(0.21244444444444444, 0.19600000000000001, 0.21099999999999999)
(0.21288888888888888, 0.19600000000000001, 0.20999999999999999)
(0.21266666666666667, 0.19600000000000001, 0.21099999999999999)
(0.21288888888888888, 0.19600000000000001, 0.20999999999999999)
(0.21266666666666667, 0.19700000000000001, 0.21199999999999999)
(0.21244444444444444, 0.19500000000000001, 0.21199999999999999)
(0.21277777777777779, 0.19500000000000001, 0.21199999999999999)
(0.21266666666666667, 0.19700000000000001, 0.21099999999999999)
(0.21233333333333335, 0.19700000000000001, 0.21099999999999999)
(0.21199999999999999, 0.19600000000000001, 0.21099999999999999)
(0.21222222222222223, 0.19600000000000001, 0.21199999999999999)
(0.21244444444444444, 0.19600000000000001, 0.20999999999999999)
(0.21222222222222223, 0.19700000000000001, 0.21099999999999999)
(0.21222222222222223, 0.19600000000000001, 0.20999999999999999)
(0.21199999999999999, 0.19700000000000001, 0.21099999999999999)
(0.21244444444444444, 0.19600000000000001, 0.20999999999999999)
(0.21288888888888888, 0.19600000000000001, 0.20999999999999999)
(0.21288888888888888, 0.19700000000000001, 0.20999999999999999)
(0.21266666666666667, 0.19700000000000001, 0.20999999999999999)
(0.21244444444444444, 0.19700000000000001, 0.20999999999999999)
(0.21244444444444444, 0.19700000000000001, 0.21099999999999999)
(0.21233333333333335, 0.19600000000000001, 0.20999999999999999)
(0.21211111111111111, 0.19600000000000001, 0.21099999999999999)
(0.21266666666666667, 0.19600000000000001, 0.20999999999999999)
(0.21199999999999999, 0.19600000000000001, 0.21199999999999999)
(0.21233333333333335, 0.19600000000000001, 0.21199999999999999)
(0.21211111111111111, 0.19600000000000001, 0.21199999999999999)
(0.21177777777777779, 0.19500000000000001, 0.21099999999999999)
(0.21211111111111111, 0.19700000000000001, 0.20999999999999999)
(0.21266666666666667, 0.19600000000000001, 0.20999999999999999)
(0.21244444444444444, 0.19600000000000001, 0.21199999999999999)
(0.21199999999999999, 0.19700000000000001, 0.21099999999999999)
(0.21199999999999999, 0.19600000000000001, 0.20999999999999999)
(0.21222222222222223, 0.19700000000000001, 0.20999999999999999)
(0.21233333333333335, 0.19700000000000001, 0.20999999999999999)
(0.21244444444444444, 0.19600000000000001, 0.21199999999999999)
(0.21233333333333335, 0.19600000000000001, 0.21099999999999999)
(0.21233333333333335, 0.19600000000000001, 0.21099999999999999)
(0.21222222222222223, 0.19600000000000001, 0.21199999999999999)
(0.21199999999999999, 0.19600000000000001, 0.21099999999999999)
(0.21244444444444444, 0.19700000000000001, 0.20999999999999999)
(0.21188888888888888, 0.19600000000000001, 0.21099999999999999)
(0.21199999999999999, 0.19600000000000001, 0.21199999999999999)
(0.21277777777777779, 0.19600000000000001, 0.21199999999999999)
(0.21244444444444444, 0.19600000000000001, 0.20999999999999999)
(0.21211111111111111, 0.19500000000000001, 0.21099999999999999)
(0.21233333333333335, 0.19500000000000001, 0.21199999999999999)
(0.21222222222222223, 0.19600000000000001, 0.21099999999999999)
(0.21199999999999999, 0.19600000000000001, 0.21199999999999999)
(0.21266666666666667, 0.19600000000000001, 0.20999999999999999)
(0.21166666666666667, 0.19600000000000001, 0.20999999999999999)
(0.21166666666666667, 0.19600000000000001, 0.21099999999999999)
(0.21366666666666667, 0.19600000000000001, 0.20999999999999999)
(0.21233333333333335, 0.19600000000000001, 0.20999999999999999)
(0.21177777777777779, 0.19600000000000001, 0.20999999999999999)
(0.21211111111111111, 0.19600000000000001, 0.21199999999999999)
(0.21199999999999999, 0.19600000000000001, 0.20999999999999999)
(0.21199999999999999, 0.19600000000000001, 0.20999999999999999)
(0.21244444444444444, 0.19600000000000001, 0.21199999999999999)
(0.21211111111111111, 0.19700000000000001, 0.21199999999999999)
(0.21222222222222223, 0.19600000000000001, 0.21199999999999999)
(0.21188888888888888, 0.19600000000000001, 0.21199999999999999)
(0.21199999999999999, 0.19600000000000001, 0.21099999999999999)
(0.21177777777777779, 0.19600000000000001, 0.21099999999999999)
(0.21177777777777779, 0.19600000000000001, 0.21099999999999999)
(0.21188888888888888, 0.19600000000000001, 0.21099999999999999)
(0.21211111111111111, 0.19600000000000001, 0.21099999999999999)
(0.21199999999999999, 0.19600000000000001, 0.20999999999999999)
(0.21211111111111111, 0.19600000000000001, 0.21199999999999999)
(0.21344444444444444, 0.19700000000000001, 0.20999999999999999)
(0.21233333333333335, 0.19500000000000001, 0.20999999999999999)
(0.21211111111111111, 0.19600000000000001, 0.20999999999999999)
(0.21211111111111111, 0.19600000000000001, 0.21199999999999999)
(0.21222222222222223, 0.19600000000000001, 0.21099999999999999)
(0.21233333333333335, 0.19700000000000001, 0.20999999999999999)
(0.21222222222222223, 0.19600000000000001, 0.21199999999999999)
(0.21199999999999999, 0.19600000000000001, 0.21199999999999999)
(0.21199999999999999, 0.19600000000000001, 0.20999999999999999)
(0.21166666666666667, 0.19600000000000001, 0.21199999999999999)
(0.21188888888888888, 0.19600000000000001, 0.20999999999999999)
(0.21188888888888888, 0.19600000000000001, 0.21199999999999999)
(0.21188888888888888, 0.19600000000000001, 0.20999999999999999)
(0.21211111111111111, 0.19600000000000001, 0.21199999999999999)
(0.21255555555555555, 0.19500000000000001, 0.21099999999999999)
(0.21199999999999999, 0.19600000000000001, 0.21099999999999999)
(0.21244444444444444, 0.19400000000000001, 0.21199999999999999)
(0.21233333333333335, 0.19600000000000001, 0.21199999999999999)
(0.21188888888888888, 0.19600000000000001, 0.21099999999999999)
(0.21233333333333335, 0.19600000000000001, 0.21199999999999999)
(0.21199999999999999, 0.19600000000000001, 0.21099999999999999)
(0.21199999999999999, 0.19600000000000001, 0.21199999999999999)
(0.21222222222222223, 0.19600000000000001, 0.20999999999999999)
(0.21222222222222223, 0.19600000000000001, 0.20999999999999999)
(0.21199999999999999, 0.19600000000000001, 0.20999999999999999)
(0.21199999999999999, 0.19600000000000001, 0.20999999999999999)
(0.21233333333333335, 0.19600000000000001, 0.21099999999999999)
(0.21199999999999999, 0.19600000000000001, 0.21099999999999999)
(0.21211111111111111, 0.19500000000000001, 0.21099999999999999)
(0.21199999999999999, 0.19500000000000001, 0.21099999999999999)
(0.21211111111111111, 0.19500000000000001, 0.21099999999999999)
(0.21211111111111111, 0.19500000000000001, 0.21099999999999999)
(0.21188888888888888, 0.19500000000000001, 0.21099999999999999)
(0.21188888888888888, 0.19500000000000001, 0.21099999999999999)
(0.21211111111111111, 0.19500000000000001, 0.21099999999999999)
(0.21166666666666667, 0.19500000000000001, 0.21099999999999999)
(0.21177777777777779, 0.19500000000000001, 0.20999999999999999)
(0.21166666666666667, 0.19500000000000001, 0.20999999999999999)
(0.21177777777777779, 0.19500000000000001, 0.20899999999999999)
(0.21177777777777779, 0.19500000000000001, 0.20899999999999999)
(0.21177777777777779, 0.19500000000000001, 0.20899999999999999)
(0.21188888888888888, 0.19500000000000001, 0.20899999999999999)
(0.21177777777777779, 0.19500000000000001, 0.20899999999999999)
(0.21177777777777779, 0.19500000000000001, 0.20899999999999999)
(0.21166666666666667, 0.19500000000000001, 0.20899999999999999)
(0.21155555555555555, 0.19500000000000001, 0.20899999999999999)
(0.21155555555555555, 0.19500000000000001, 0.20899999999999999)
(0.21155555555555555, 0.19500000000000001, 0.20899999999999999)
(0.21155555555555555, 0.19500000000000001, 0.20899999999999999)
(0.21166666666666667, 0.19500000000000001, 0.20899999999999999)
(0.21166666666666667, 0.19500000000000001, 0.20899999999999999)
(0.21166666666666667, 0.19500000000000001, 0.20899999999999999)
(0.21166666666666667, 0.19500000000000001, 0.20899999999999999)
(0.21166666666666667, 0.19500000000000001, 0.20899999999999999)
(0.21166666666666667, 0.19500000000000001, 0.20899999999999999)
(0.21166666666666667, 0.19500000000000001, 0.20899999999999999)
(0.21166666666666667, 0.19500000000000001, 0.20899999999999999)
(0.21166666666666667, 0.19500000000000001, 0.20899999999999999)
(0.21166666666666667, 0.19500000000000001, 0.20899999999999999)
(0.21166666666666667, 0.19500000000000001, 0.20899999999999999)
(0.21166666666666667, 0.19500000000000001, 0.20899999999999999)
(0.21166666666666667, 0.19500000000000001, 0.20899999999999999)
(0.21166666666666667, 0.19500000000000001, 0.20899999999999999)
(0.21166666666666667, 0.19500000000000001, 0.20899999999999999)
(0.21166666666666667, 0.19500000000000001, 0.20899999999999999)
(0.21166666666666667, 0.19500000000000001, 0.20899999999999999)
(0.21166666666666667, 0.19500000000000001, 0.20899999999999999)
(0.21166666666666667, 0.19500000000000001, 0.20899999999999999)
(0.21166666666666667, 0.19500000000000001, 0.20899999999999999)
(0.21166666666666667, 0.19500000000000001, 0.20899999999999999)
(0.21166666666666667, 0.19500000000000001, 0.20899999999999999)
(0.21166666666666667, 0.19500000000000001, 0.20899999999999999)
(0.21166666666666667, 0.19500000000000001, 0.20899999999999999)
(0.21166666666666667, 0.19500000000000001, 0.20899999999999999)
(0.21166666666666667, 0.19500000000000001, 0.20899999999999999)
(0.21166666666666667, 0.19500000000000001, 0.20899999999999999)
(0.21166666666666667, 0.19500000000000001, 0.20899999999999999)
(0.21166666666666667, 0.19500000000000001, 0.20899999999999999)
(0.21166666666666667, 0.19500000000000001, 0.20899999999999999)
(0.21166666666666667, 0.19500000000000001, 0.20899999999999999)
(0.21166666666666667, 0.19500000000000001, 0.20899999999999999)
(0.21166666666666667, 0.19500000000000001, 0.20899999999999999)
(0.21166666666666667, 0.19500000000000001, 0.20899999999999999)
(0.21166666666666667, 0.19500000000000001, 0.20899999999999999)
(0.21166666666666667, 0.19500000000000001, 0.20899999999999999)
(0.21166666666666667, 0.19500000000000001, 0.20899999999999999)
(0.21177777777777779, 0.19500000000000001, 0.20899999999999999)
(0.21177777777777779, 0.19500000000000001, 0.20899999999999999)
(0.21177777777777779, 0.19500000000000001, 0.20899999999999999)
(0.21188888888888888, 0.19500000000000001, 0.20899999999999999)
(0.21177777777777779, 0.19500000000000001, 0.20899999999999999)
(0.21177777777777779, 0.19500000000000001, 0.20899999999999999)
(0.21177777777777779, 0.19500000000000001, 0.20899999999999999)
(0.21177777777777779, 0.19500000000000001, 0.20899999999999999)
(0.21177777777777779, 0.19500000000000001, 0.20899999999999999)
(0.21177777777777779, 0.19500000000000001, 0.20899999999999999)
(0.21166666666666667, 0.19500000000000001, 0.20899999999999999)
(0.21166666666666667, 0.19500000000000001, 0.20899999999999999)
(0.21166666666666667, 0.19500000000000001, 0.20899999999999999)
(0.21166666666666667, 0.19500000000000001, 0.20899999999999999)
(0.21166666666666667, 0.19500000000000001, 0.20899999999999999)
(0.21166666666666667, 0.19500000000000001, 0.20899999999999999)
(0.21166666666666667, 0.19500000000000001, 0.20899999999999999)
(0.21166666666666667, 0.19500000000000001, 0.20899999999999999)
(0.21155555555555555, 0.19500000000000001, 0.20899999999999999)
(0.21166666666666667, 0.19500000000000001, 0.20899999999999999)
(0.21166666666666667, 0.19500000000000001, 0.20899999999999999)
(0.21166666666666667, 0.19500000000000001, 0.20899999999999999)
(0.21166666666666667, 0.19500000000000001, 0.20899999999999999)
(0.21166666666666667, 0.19500000000000001, 0.20899999999999999)
(0.21166666666666667, 0.19500000000000001, 0.20899999999999999)
(0.21177777777777779, 0.19500000000000001, 0.20899999999999999)
(0.21177777777777779, 0.19500000000000001, 0.20899999999999999)
(0.21177777777777779, 0.19500000000000001, 0.20899999999999999)
(0.21177777777777779, 0.19500000000000001, 0.20899999999999999)
(0.21166666666666667, 0.19500000000000001, 0.20899999999999999)
(0.21155555555555555, 0.19500000000000001, 0.20899999999999999)
(0.21155555555555555, 0.19500000000000001, 0.20899999999999999)
(0.21155555555555555, 0.19500000000000001, 0.20899999999999999)
(0.21166666666666667, 0.19500000000000001, 0.20899999999999999)
(0.21166666666666667, 0.19500000000000001, 0.20899999999999999)
(0.21166666666666667, 0.19500000000000001, 0.20899999999999999)
(0.21155555555555555, 0.19500000000000001, 0.20899999999999999)
(0.21155555555555555, 0.19500000000000001, 0.20899999999999999)
(0.21155555555555555, 0.19500000000000001, 0.20899999999999999)
(0.21155555555555555, 0.19500000000000001, 0.20899999999999999)
(0.21155555555555555, 0.19500000000000001, 0.20899999999999999)
(0.21155555555555555, 0.19500000000000001, 0.20899999999999999)
(0.21155555555555555, 0.19500000000000001, 0.20899999999999999)
(0.21155555555555555, 0.19500000000000001, 0.20899999999999999)
(0.21155555555555555, 0.19500000000000001, 0.20899999999999999)
(0.21155555555555555, 0.19500000000000001, 0.20899999999999999)
(0.21155555555555555, 0.19600000000000001, 0.20899999999999999)
(0.21155555555555555, 0.19600000000000001, 0.20899999999999999)
(0.21155555555555555, 0.19600000000000001, 0.20899999999999999)
(0.21155555555555555, 0.19600000000000001, 0.20899999999999999)
(0.21155555555555555, 0.19600000000000001, 0.20899999999999999)
(0.21155555555555555, 0.19600000000000001, 0.20899999999999999)
(0.21155555555555555, 0.19600000000000001, 0.20899999999999999)
(0.21155555555555555, 0.19600000000000001, 0.20899999999999999)
(0.21155555555555555, 0.19600000000000001, 0.20899999999999999)
(0.21155555555555555, 0.19600000000000001, 0.20899999999999999)
(0.21155555555555555, 0.19600000000000001, 0.20899999999999999)
(0.21155555555555555, 0.19600000000000001, 0.20899999999999999)
(0.21155555555555555, 0.19600000000000001, 0.20899999999999999)
(0.21155555555555555, 0.19600000000000001, 0.20899999999999999)
(0.21155555555555555, 0.19600000000000001, 0.20899999999999999)
(0.21144444444444443, 0.19600000000000001, 0.20899999999999999)
(0.21144444444444443, 0.19600000000000001, 0.20999999999999999)
(0.21144444444444443, 0.19600000000000001, 0.20999999999999999)
(0.21155555555555555, 0.19600000000000001, 0.20999999999999999)
(0.21144444444444443, 0.19600000000000001, 0.20999999999999999)
(0.21144444444444443, 0.19600000000000001, 0.20999999999999999)
(0.21144444444444443, 0.19600000000000001, 0.20999999999999999)
(0.21144444444444443, 0.19600000000000001, 0.20999999999999999)
(0.21144444444444443, 0.19600000000000001, 0.20999999999999999)
(0.21144444444444443, 0.19600000000000001, 0.20999999999999999)
(0.21144444444444443, 0.19600000000000001, 0.20999999999999999)
(0.21144444444444443, 0.19600000000000001, 0.20999999999999999)
(0.21188888888888888, 0.193, 0.20799999999999999)
(0.21144444444444443, 0.19600000000000001, 0.20899999999999999)
(0.21266666666666667, 0.19700000000000001, 0.20999999999999999)
(0.21166666666666667, 0.19600000000000001, 0.20899999999999999)
(0.21266666666666667, 0.19600000000000001, 0.20999999999999999)
(0.21211111111111111, 0.19500000000000001, 0.20999999999999999)
(0.21222222222222223, 0.19600000000000001, 0.20999999999999999)
(0.21255555555555555, 0.19500000000000001, 0.20999999999999999)
(0.21233333333333335, 0.19500000000000001, 0.21099999999999999)
(0.21211111111111111, 0.19400000000000001, 0.20999999999999999)
(0.21244444444444444, 0.19600000000000001, 0.20999999999999999)
(0.21166666666666667, 0.19500000000000001, 0.21099999999999999)
(0.21211111111111111, 0.19600000000000001, 0.21099999999999999)
(0.21233333333333335, 0.19500000000000001, 0.21099999999999999)
(0.21211111111111111, 0.19500000000000001, 0.20999999999999999)
(0.21199999999999999, 0.19500000000000001, 0.20999999999999999)
(0.21199999999999999, 0.19400000000000001, 0.20999999999999999)
(0.21177777777777779, 0.19500000000000001, 0.20999999999999999)
(0.21188888888888888, 0.19600000000000001, 0.20999999999999999)
(0.21177777777777779, 0.19400000000000001, 0.20999999999999999)
(0.21188888888888888, 0.193, 0.20899999999999999)
(0.21188888888888888, 0.19400000000000001, 0.21099999999999999)
(0.21177777777777779, 0.19400000000000001, 0.21099999999999999)
(0.21199999999999999, 0.19500000000000001, 0.21099999999999999)
(0.21155555555555555, 0.19400000000000001, 0.20999999999999999)
(0.21177777777777779, 0.19600000000000001, 0.20999999999999999)
(0.21177777777777779, 0.19600000000000001, 0.21099999999999999)
(0.21188888888888888, 0.19400000000000001, 0.21099999999999999)
(0.21177777777777779, 0.19600000000000001, 0.20999999999999999)
(0.21244444444444444, 0.19600000000000001, 0.20999999999999999)
(0.21177777777777779, 0.19400000000000001, 0.20899999999999999)
(0.21211111111111111, 0.19500000000000001, 0.21099999999999999)
(0.21233333333333335, 0.19400000000000001, 0.21099999999999999)
(0.21233333333333335, 0.19500000000000001, 0.21099999999999999)
(0.21199999999999999, 0.19500000000000001, 0.20999999999999999)
(0.21199999999999999, 0.19500000000000001, 0.20999999999999999)
(0.21199999999999999, 0.19500000000000001, 0.20999999999999999)
(0.21188888888888888, 0.19500000000000001, 0.21099999999999999)
(0.21155555555555555, 0.19500000000000001, 0.20999999999999999)
(0.21188888888888888, 0.19600000000000001, 0.20999999999999999)
(0.21188888888888888, 0.19500000000000001, 0.20899999999999999)
(0.21166666666666667, 0.19500000000000001, 0.20999999999999999)
(0.21199999999999999, 0.19500000000000001, 0.21099999999999999)
(0.21188888888888888, 0.19500000000000001, 0.21099999999999999)
(0.21199999999999999, 0.19500000000000001, 0.21099999999999999)
(0.21188888888888888, 0.19500000000000001, 0.21099999999999999)
(0.21211111111111111, 0.19600000000000001, 0.21099999999999999)
(0.21233333333333335, 0.19600000000000001, 0.20999999999999999)
(0.21199999999999999, 0.19600000000000001, 0.20899999999999999)
(0.21199999999999999, 0.19600000000000001, 0.20999999999999999)
(0.21166666666666667, 0.19500000000000001, 0.20999999999999999)
(0.21199999999999999, 0.19500000000000001, 0.21099999999999999)
(0.21188888888888888, 0.19400000000000001, 0.21099999999999999)
(0.21188888888888888, 0.19500000000000001, 0.21099999999999999)
(0.21166666666666667, 0.19500000000000001, 0.21099999999999999)
(0.21177777777777779, 0.19500000000000001, 0.21099999999999999)
(0.21144444444444443, 0.19500000000000001, 0.20999999999999999)
(0.21166666666666667, 0.19500000000000001, 0.21099999999999999)
(0.21166666666666667, 0.19500000000000001, 0.20999999999999999)
(0.21177777777777779, 0.19400000000000001, 0.21099999999999999)
(0.21166666666666667, 0.19500000000000001, 0.20999999999999999)
(0.21188888888888888, 0.19500000000000001, 0.20999999999999999)
(0.21166666666666667, 0.19500000000000001, 0.21099999999999999)
(0.21177777777777779, 0.19600000000000001, 0.20999999999999999)
(0.21188888888888888, 0.19400000000000001, 0.20999999999999999)
(0.21166666666666667, 0.19500000000000001, 0.20999999999999999)
(0.21177777777777779, 0.19500000000000001, 0.20999999999999999)
(0.21177777777777779, 0.19500000000000001, 0.20999999999999999)
(0.21166666666666667, 0.19500000000000001, 0.20999999999999999)
(0.21177777777777779, 0.19400000000000001, 0.20899999999999999)
(0.21155555555555555, 0.19600000000000001, 0.20999999999999999)
(0.21166666666666667, 0.19500000000000001, 0.20999999999999999)
(0.21177777777777779, 0.19500000000000001, 0.20999999999999999)
(0.21199999999999999, 0.19500000000000001, 0.20999999999999999)
(0.21199999999999999, 0.19400000000000001, 0.21099999999999999)
(0.21188888888888888, 0.19400000000000001, 0.20999999999999999)
(0.21188888888888888, 0.19400000000000001, 0.21099999999999999)
(0.21188888888888888, 0.19500000000000001, 0.20999999999999999)
(0.21244444444444444, 0.19600000000000001, 0.21099999999999999)
(0.21199999999999999, 0.19400000000000001, 0.20899999999999999)
(0.21188888888888888, 0.19400000000000001, 0.20999999999999999)
(0.21199999999999999, 0.19400000000000001, 0.20999999999999999)
(0.21188888888888888, 0.19500000000000001, 0.20999999999999999)
(0.21188888888888888, 0.19600000000000001, 0.20999999999999999)
(0.21166666666666667, 0.19600000000000001, 0.20999999999999999)
(0.21177777777777779, 0.19400000000000001, 0.20999999999999999)
(0.21188888888888888, 0.19400000000000001, 0.20999999999999999)
(0.21177777777777779, 0.19400000000000001, 0.20999999999999999)
(0.21188888888888888, 0.19500000000000001, 0.20999999999999999)
(0.21222222222222223, 0.19600000000000001, 0.21099999999999999)
(0.21199999999999999, 0.19400000000000001, 0.20999999999999999)
(0.21166666666666667, 0.19500000000000001, 0.20999999999999999)
(0.21188888888888888, 0.19400000000000001, 0.21099999999999999)
(0.21222222222222223, 0.19500000000000001, 0.20999999999999999)
(0.21199999999999999, 0.19500000000000001, 0.20999999999999999)
(0.21288888888888888, 0.19600000000000001, 0.20999999999999999)
(0.21255555555555555, 0.19400000000000001, 0.20999999999999999)
(0.21177777777777779, 0.193, 0.20899999999999999)
(0.21188888888888888, 0.19400000000000001, 0.21099999999999999)
(0.21188888888888888, 0.19400000000000001, 0.20999999999999999)
(0.21199999999999999, 0.19500000000000001, 0.20999999999999999)
(0.21266666666666667, 0.19600000000000001, 0.20999999999999999)
(0.21211111111111111, 0.19600000000000001, 0.20999999999999999)
(0.21155555555555555, 0.19400000000000001, 0.21099999999999999)
(0.21166666666666667, 0.19400000000000001, 0.20899999999999999)
(0.21166666666666667, 0.19400000000000001, 0.20999999999999999)
(0.21166666666666667, 0.19500000000000001, 0.20999999999999999)
(0.21177777777777779, 0.193, 0.20899999999999999)
(0.21166666666666667, 0.19500000000000001, 0.20899999999999999)
(0.21144444444444443, 0.19500000000000001, 0.20999999999999999)
(0.21177777777777779, 0.19500000000000001, 0.20899999999999999)
(0.21166666666666667, 0.19500000000000001, 0.20999999999999999)
(0.21166666666666667, 0.19500000000000001, 0.20999999999999999)
(0.21177777777777779, 0.19500000000000001, 0.20999999999999999)
(0.21144444444444443, 0.19500000000000001, 0.20899999999999999)
(0.21166666666666667, 0.19400000000000001, 0.20999999999999999)
(0.21188888888888888, 0.19400000000000001, 0.20799999999999999)
(0.21177777777777779, 0.19500000000000001, 0.20999999999999999)
(0.21188888888888888, 0.19400000000000001, 0.20899999999999999)
(0.21188888888888888, 0.19500000000000001, 0.20999999999999999)
(0.21177777777777779, 0.19400000000000001, 0.21099999999999999)
(0.21188888888888888, 0.19500000000000001, 0.20999999999999999)
(0.21277777777777779, 0.19600000000000001, 0.20999999999999999)
(0.21288888888888888, 0.19700000000000001, 0.21099999999999999)
(0.21177777777777779, 0.19400000000000001, 0.20799999999999999)
(0.21166666666666667, 0.19500000000000001, 0.20899999999999999)
(0.21188888888888888, 0.19400000000000001, 0.20899999999999999)
(0.21177777777777779, 0.19400000000000001, 0.20899999999999999)
(0.21166666666666667, 0.19400000000000001, 0.20799999999999999)
(0.21177777777777779, 0.19500000000000001, 0.20999999999999999)
(0.21166666666666667, 0.19500000000000001, 0.20999999999999999)
(0.21177777777777779, 0.19400000000000001, 0.20999999999999999)
(0.21188888888888888, 0.19500000000000001, 0.20899999999999999)
(0.21188888888888888, 0.19500000000000001, 0.21099999999999999)
(0.21177777777777779, 0.19400000000000001, 0.20999999999999999)
(0.21177777777777779, 0.19500000000000001, 0.20899999999999999)
(0.21199999999999999, 0.193, 0.20999999999999999)
(0.21155555555555555, 0.193, 0.20999999999999999)
(0.21177777777777779, 0.193, 0.20999999999999999)
(0.21166666666666667, 0.193, 0.20999999999999999)
(0.21177777777777779, 0.19400000000000001, 0.20999999999999999)
(0.21144444444444443, 0.19400000000000001, 0.20999999999999999)
(0.21188888888888888, 0.19400000000000001, 0.20999999999999999)
(0.21177777777777779, 0.19400000000000001, 0.20999999999999999)
(0.21166666666666667, 0.19400000000000001, 0.20999999999999999)
(0.21199999999999999, 0.19400000000000001, 0.20899999999999999)
(0.21166666666666667, 0.19400000000000001, 0.20999999999999999)
(0.21144444444444443, 0.19400000000000001, 0.20899999999999999)
(0.21144444444444443, 0.19400000000000001, 0.20899999999999999)
(0.21144444444444443, 0.19400000000000001, 0.20899999999999999)
(0.21144444444444443, 0.19400000000000001, 0.20899999999999999)
(0.21155555555555555, 0.19400000000000001, 0.20899999999999999)
(0.21255555555555555, 0.19600000000000001, 0.21099999999999999)
(0.21155555555555555, 0.19400000000000001, 0.20899999999999999)
(0.21155555555555555, 0.19400000000000001, 0.20899999999999999)
(0.21144444444444443, 0.19400000000000001, 0.20799999999999999)
(0.21155555555555555, 0.19400000000000001, 0.20899999999999999)
(0.21155555555555555, 0.19400000000000001, 0.20899999999999999)
(0.21155555555555555, 0.19400000000000001, 0.20899999999999999)
(0.21144444444444443, 0.19400000000000001, 0.20899999999999999)
(0.21155555555555555, 0.19400000000000001, 0.20899999999999999)
(0.21166666666666667, 0.19400000000000001, 0.20899999999999999)
(0.21155555555555555, 0.19400000000000001, 0.20899999999999999)
(0.21166666666666667, 0.19400000000000001, 0.20899999999999999)
(0.21166666666666667, 0.19400000000000001, 0.20899999999999999)
(0.21166666666666667, 0.19400000000000001, 0.20899999999999999)
(0.21166666666666667, 0.19400000000000001, 0.20899999999999999)
(0.21166666666666667, 0.19400000000000001, 0.20899999999999999)
(0.21166666666666667, 0.19400000000000001, 0.20899999999999999)
(0.21166666666666667, 0.19400000000000001, 0.20999999999999999)
(0.21166666666666667, 0.19400000000000001, 0.20999999999999999)
(0.21166666666666667, 0.19400000000000001, 0.20999999999999999)
(0.21177777777777779, 0.19400000000000001, 0.20999999999999999)
(0.21166666666666667, 0.19400000000000001, 0.20999999999999999)
(0.21166666666666667, 0.19400000000000001, 0.20999999999999999)
(0.21166666666666667, 0.19400000000000001, 0.20999999999999999)
(0.21166666666666667, 0.19400000000000001, 0.20999999999999999)
(0.21166666666666667, 0.19400000000000001, 0.20999999999999999)
(0.21155555555555555, 0.19400000000000001, 0.20999999999999999)
(0.21155555555555555, 0.19400000000000001, 0.20899999999999999)
(0.21177777777777779, 0.19400000000000001, 0.20899999999999999)
(0.21177777777777779, 0.19400000000000001, 0.20899999999999999)
(0.21177777777777779, 0.19400000000000001, 0.20899999999999999)
(0.21177777777777779, 0.19400000000000001, 0.20899999999999999)
(0.21177777777777779, 0.19400000000000001, 0.20899999999999999)
(0.21177777777777779, 0.19400000000000001, 0.20899999999999999)
(0.21188888888888888, 0.19400000000000001, 0.20899999999999999)
(0.21199999999999999, 0.19400000000000001, 0.20899999999999999)
(0.21199999999999999, 0.19400000000000001, 0.20899999999999999)
(0.21199999999999999, 0.19400000000000001, 0.20899999999999999)
(0.21211111111111111, 0.19400000000000001, 0.20899999999999999)
(0.21211111111111111, 0.19400000000000001, 0.20899999999999999)
(0.21211111111111111, 0.19400000000000001, 0.20899999999999999)
(0.21211111111111111, 0.19400000000000001, 0.20899999999999999)
(0.21211111111111111, 0.19400000000000001, 0.20899999999999999)
(0.21211111111111111, 0.19400000000000001, 0.20899999999999999)
(0.21211111111111111, 0.19400000000000001, 0.20899999999999999)
(0.21211111111111111, 0.19400000000000001, 0.20899999999999999)
(0.21211111111111111, 0.19400000000000001, 0.20899999999999999)
(0.21211111111111111, 0.19400000000000001, 0.20899999999999999)
(0.21211111111111111, 0.19400000000000001, 0.20899999999999999)
(0.21211111111111111, 0.19400000000000001, 0.20899999999999999)
(0.21222222222222223, 0.19400000000000001, 0.20899999999999999)
(0.21222222222222223, 0.19400000000000001, 0.20899999999999999)
(0.21222222222222223, 0.19400000000000001, 0.20899999999999999)
(0.21222222222222223, 0.19400000000000001, 0.20899999999999999)
(0.21222222222222223, 0.19400000000000001, 0.20899999999999999)
(0.21222222222222223, 0.19400000000000001, 0.20899999999999999)
(0.21222222222222223, 0.19400000000000001, 0.20899999999999999)
(0.21222222222222223, 0.19400000000000001, 0.20899999999999999)
(0.21233333333333335, 0.19400000000000001, 0.20899999999999999)
(0.21211111111111111, 0.19400000000000001, 0.20899999999999999)
(0.21211111111111111, 0.19400000000000001, 0.20899999999999999)
(0.21199999999999999, 0.19400000000000001, 0.20899999999999999)
(0.21222222222222223, 0.19400000000000001, 0.20899999999999999)
(0.21211111111111111, 0.19400000000000001, 0.20899999999999999)
(0.21177777777777779, 0.19500000000000001, 0.20999999999999999)
(0.21055555555555555, 0.192, 0.20799999999999999)
(0.21199999999999999, 0.19400000000000001, 0.20899999999999999)
(0.21222222222222223, 0.19400000000000001, 0.20999999999999999)
(0.21188888888888888, 0.19400000000000001, 0.20799999999999999)
(0.21199999999999999, 0.19400000000000001, 0.20999999999999999)
(0.21288888888888888, 0.19700000000000001, 0.20999999999999999)
(0.21199999999999999, 0.19400000000000001, 0.20899999999999999)
(0.21233333333333335, 0.19400000000000001, 0.20899999999999999)
(0.21199999999999999, 0.19500000000000001, 0.20899999999999999)
(0.21166666666666667, 0.193, 0.20899999999999999)
(0.21211111111111111, 0.19400000000000001, 0.20899999999999999)
(0.21199999999999999, 0.19500000000000001, 0.20899999999999999)
(0.21199999999999999, 0.19600000000000001, 0.20999999999999999)
(0.21199999999999999, 0.19500000000000001, 0.20899999999999999)
(0.21211111111111111, 0.19400000000000001, 0.20899999999999999)
(0.21211111111111111, 0.19600000000000001, 0.21099999999999999)
(0.21255555555555555, 0.19600000000000001, 0.21099999999999999)
(0.21277777777777779, 0.19700000000000001, 0.21099999999999999)
(0.21244444444444444, 0.19500000000000001, 0.21099999999999999)
(0.21188888888888888, 0.19500000000000001, 0.20999999999999999)
(0.21188888888888888, 0.19500000000000001, 0.20899999999999999)
(0.21311111111111111, 0.19700000000000001, 0.21099999999999999)
(0.21166666666666667, 0.19500000000000001, 0.20899999999999999)
(0.21199999999999999, 0.19400000000000001, 0.20899999999999999)
(0.21199999999999999, 0.19500000000000001, 0.20899999999999999)
(0.21155555555555555, 0.19400000000000001, 0.20999999999999999)
(0.21188888888888888, 0.19500000000000001, 0.20899999999999999)
(0.21211111111111111, 0.19500000000000001, 0.21099999999999999)
(0.21244444444444444, 0.19700000000000001, 0.21099999999999999)
(0.21199999999999999, 0.19500000000000001, 0.20899999999999999)
(0.21199999999999999, 0.19500000000000001, 0.20899999999999999)
(0.21211111111111111, 0.19400000000000001, 0.20899999999999999)
(0.21199999999999999, 0.19400000000000001, 0.20899999999999999)
(0.21199999999999999, 0.19400000000000001, 0.20899999999999999)
(0.21222222222222223, 0.19600000000000001, 0.21099999999999999)
(0.21211111111111111, 0.19500000000000001, 0.20899999999999999)
(0.21199999999999999, 0.19500000000000001, 0.20899999999999999)
(0.21211111111111111, 0.193, 0.20999999999999999)
(0.21211111111111111, 0.19400000000000001, 0.20899999999999999)
(0.21177777777777779, 0.19500000000000001, 0.20899999999999999)
(0.21199999999999999, 0.19400000000000001, 0.20899999999999999)
(0.21199999999999999, 0.19500000000000001, 0.20899999999999999)
(0.21177777777777779, 0.19500000000000001, 0.20899999999999999)
(0.21255555555555555, 0.19500000000000001, 0.20999999999999999)
(0.21188888888888888, 0.19500000000000001, 0.20899999999999999)
(0.21188888888888888, 0.19500000000000001, 0.20899999999999999)
(0.21177777777777779, 0.19400000000000001, 0.20899999999999999)
(0.21155555555555555, 0.19400000000000001, 0.20899999999999999)
(0.21244444444444444, 0.19600000000000001, 0.21099999999999999)
(0.21177777777777779, 0.19500000000000001, 0.20999999999999999)
(0.21166666666666667, 0.19500000000000001, 0.20899999999999999)
(0.21166666666666667, 0.19500000000000001, 0.20899999999999999)
(0.21177777777777779, 0.19500000000000001, 0.20899999999999999)
(0.21155555555555555, 0.19500000000000001, 0.20899999999999999)
(0.21199999999999999, 0.19500000000000001, 0.20899999999999999)
(0.21266666666666667, 0.19700000000000001, 0.21099999999999999)
(0.21188888888888888, 0.19500000000000001, 0.20899999999999999)
(0.21177777777777779, 0.19500000000000001, 0.20899999999999999)
(0.21277777777777779, 0.19700000000000001, 0.21099999999999999)
(0.21155555555555555, 0.19500000000000001, 0.20999999999999999)
(0.21155555555555555, 0.19500000000000001, 0.20999999999999999)
(0.21166666666666667, 0.19500000000000001, 0.20899999999999999)
(0.21155555555555555, 0.19500000000000001, 0.20899999999999999)
(0.21188888888888888, 0.19500000000000001, 0.20899999999999999)
(0.21177777777777779, 0.19500000000000001, 0.20899999999999999)
(0.21188888888888888, 0.19500000000000001, 0.20899999999999999)
(0.21211111111111111, 0.19500000000000001, 0.20899999999999999)
(0.21166666666666667, 0.19500000000000001, 0.20899999999999999)
(0.21155555555555555, 0.19400000000000001, 0.20899999999999999)
(0.21177777777777779, 0.19400000000000001, 0.20899999999999999)
(0.21199999999999999, 0.19400000000000001, 0.20899999999999999)
(0.21199999999999999, 0.19400000000000001, 0.20899999999999999)
(0.21177777777777779, 0.19400000000000001, 0.20899999999999999)
(0.21199999999999999, 0.19400000000000001, 0.20899999999999999)
(0.21199999999999999, 0.19400000000000001, 0.20899999999999999)
(0.21233333333333335, 0.19500000000000001, 0.21099999999999999)
(0.21177777777777779, 0.19500000000000001, 0.20899999999999999)
(0.21211111111111111, 0.19500000000000001, 0.20999999999999999)
(0.21199999999999999, 0.19400000000000001, 0.20899999999999999)
(0.21233333333333335, 0.19600000000000001, 0.21099999999999999)
(0.21211111111111111, 0.19500000000000001, 0.20999999999999999)
(0.21177777777777779, 0.19400000000000001, 0.20899999999999999)
(0.21166666666666667, 0.19500000000000001, 0.20899999999999999)
(0.21177777777777779, 0.19400000000000001, 0.20899999999999999)
(0.21188888888888888, 0.19400000000000001, 0.20999999999999999)
(0.21199999999999999, 0.19400000000000001, 0.20899999999999999)
(0.21199999999999999, 0.19500000000000001, 0.20899999999999999)
(0.21211111111111111, 0.19400000000000001, 0.20899999999999999)
(0.21188888888888888, 0.19400000000000001, 0.20899999999999999)
(0.21211111111111111, 0.19500000000000001, 0.20999999999999999)
(0.21199999999999999, 0.19400000000000001, 0.20899999999999999)
(0.21199999999999999, 0.19500000000000001, 0.20899999999999999)
(0.21266666666666667, 0.19600000000000001, 0.21099999999999999)
(0.21311111111111111, 0.19600000000000001, 0.21099999999999999)
(0.21211111111111111, 0.19400000000000001, 0.20899999999999999)
(0.21211111111111111, 0.19600000000000001, 0.20999999999999999)
(0.21166666666666667, 0.19400000000000001, 0.20899999999999999)
(0.21211111111111111, 0.19400000000000001, 0.20899999999999999)
(0.21199999999999999, 0.19400000000000001, 0.20899999999999999)
(0.21166666666666667, 0.19500000000000001, 0.20899999999999999)
(0.21188888888888888, 0.19400000000000001, 0.20899999999999999)
(0.21155555555555555, 0.19500000000000001, 0.20999999999999999)
(0.21166666666666667, 0.19500000000000001, 0.20899999999999999)
(0.21177777777777779, 0.19500000000000001, 0.20899999999999999)
(0.21166666666666667, 0.19500000000000001, 0.20899999999999999)
(0.21166666666666667, 0.19500000000000001, 0.20899999999999999)
(0.21177777777777779, 0.19400000000000001, 0.20899999999999999)
(0.21155555555555555, 0.19400000000000001, 0.20899999999999999)
(0.21155555555555555, 0.19400000000000001, 0.20899999999999999)
(0.21177777777777779, 0.19400000000000001, 0.20799999999999999)
(0.21177777777777779, 0.19400000000000001, 0.20899999999999999)
(0.21177777777777779, 0.19400000000000001, 0.20799999999999999)
(0.21199999999999999, 0.19400000000000001, 0.20799999999999999)
(0.21155555555555555, 0.19400000000000001, 0.20899999999999999)
(0.21188888888888888, 0.19400000000000001, 0.20799999999999999)
(0.21188888888888888, 0.19400000000000001, 0.20799999999999999)
(0.21177777777777779, 0.19400000000000001, 0.20799999999999999)
(0.21188888888888888, 0.19400000000000001, 0.20899999999999999)
(0.21133333333333335, 0.19400000000000001, 0.20899999999999999)
(0.21166666666666667, 0.19400000000000001, 0.20899999999999999)
(0.21188888888888888, 0.19600000000000001, 0.20999999999999999)
(0.21211111111111111, 0.19500000000000001, 0.20999999999999999)
(0.21255555555555555, 0.19400000000000001, 0.20899999999999999)
(0.21611111111111111, 0.20000000000000001, 0.21099999999999999)
(0.28699999999999998, 0.26000000000000001, 0.28299999999999997)
(0.28155555555555556, 0.25600000000000001, 0.28499999999999998)
(0.2931111111111111, 0.27600000000000002, 0.29899999999999999)
(0.29688888888888887, 0.27900000000000003, 0.307)
(0.29777777777777775, 0.27800000000000002, 0.308)
(0.29911111111111111, 0.28000000000000003, 0.309)
(0.29977777777777775, 0.27900000000000003, 0.309)
(0.30066666666666669, 0.27900000000000003, 0.309)
(0.30144444444444446, 0.28100000000000003, 0.31)
(0.30166666666666669, 0.28199999999999997, 0.31)
(0.30177777777777776, 0.28199999999999997, 0.31)
(0.30211111111111111, 0.28199999999999997, 0.31)
(0.30244444444444446, 0.28199999999999997, 0.31)
(0.30255555555555558, 0.28199999999999997, 0.312)
(0.30277777777777776, 0.28199999999999997, 0.312)
(0.30288888888888887, 0.28199999999999997, 0.313)
(0.30299999999999999, 0.28199999999999997, 0.313)
(0.30299999999999999, 0.28199999999999997, 0.314)
(0.30288888888888887, 0.28199999999999997, 0.314)
(0.30299999999999999, 0.28199999999999997, 0.314)
(0.30299999999999999, 0.28199999999999997, 0.314)
(0.30288888888888887, 0.28199999999999997, 0.314)
(0.30288888888888887, 0.28299999999999997, 0.314)
(0.30288888888888887, 0.28299999999999997, 0.314)
(0.30288888888888887, 0.28299999999999997, 0.314)
(0.30311111111111111, 0.28299999999999997, 0.315)
(0.30299999999999999, 0.28199999999999997, 0.315)
(0.30322222222222223, 0.28199999999999997, 0.315)
(0.30322222222222223, 0.28199999999999997, 0.315)
(0.30333333333333334, 0.28199999999999997, 0.315)
(0.30333333333333334, 0.28199999999999997, 0.315)
(0.30333333333333334, 0.28199999999999997, 0.315)
(0.30344444444444446, 0.28199999999999997, 0.315)
(0.30344444444444446, 0.28299999999999997, 0.315)
(0.30344444444444446, 0.28299999999999997, 0.315)
(0.30344444444444446, 0.28299999999999997, 0.315)
(0.30355555555555558, 0.28299999999999997, 0.315)
(0.30355555555555558, 0.28299999999999997, 0.315)
(0.30344444444444446, 0.28299999999999997, 0.315)
(0.30344444444444446, 0.28299999999999997, 0.315)
(0.30333333333333334, 0.28199999999999997, 0.315)
(0.30333333333333334, 0.28199999999999997, 0.315)
(0.30322222222222223, 0.28199999999999997, 0.315)
(0.30322222222222223, 0.28199999999999997, 0.315)
(0.30322222222222223, 0.28199999999999997, 0.315)
(0.30311111111111111, 0.28199999999999997, 0.315)
(0.30311111111111111, 0.28199999999999997, 0.316)
(0.30311111111111111, 0.28199999999999997, 0.316)
(0.30322222222222223, 0.28199999999999997, 0.316)
(0.30333333333333334, 0.28199999999999997, 0.316)
(0.30333333333333334, 0.28199999999999997, 0.316)
(0.30333333333333334, 0.28199999999999997, 0.316)
(0.30333333333333334, 0.28199999999999997, 0.316)
(0.30333333333333334, 0.28199999999999997, 0.316)
(0.30344444444444446, 0.28199999999999997, 0.316)
(0.30344444444444446, 0.28199999999999997, 0.316)
(0.30344444444444446, 0.28199999999999997, 0.317)
(0.30344444444444446, 0.28199999999999997, 0.317)
(0.30344444444444446, 0.28199999999999997, 0.317)
(0.30355555555555558, 0.28199999999999997, 0.317)
(0.30377777777777776, 0.28100000000000003, 0.317)
(0.30377777777777776, 0.28199999999999997, 0.317)
(0.30388888888888888, 0.28199999999999997, 0.317)
(0.30388888888888888, 0.28199999999999997, 0.317)
(0.30388888888888888, 0.28199999999999997, 0.317)
(0.30388888888888888, 0.28199999999999997, 0.317)
(0.30388888888888888, 0.28199999999999997, 0.317)
(0.30388888888888888, 0.28199999999999997, 0.317)
(0.30388888888888888, 0.28199999999999997, 0.317)
(0.30399999999999999, 0.28199999999999997, 0.317)
(0.30399999999999999, 0.28199999999999997, 0.317)
(0.30411111111111111, 0.28199999999999997, 0.317)
(0.30411111111111111, 0.28199999999999997, 0.317)
(0.30411111111111111, 0.28199999999999997, 0.317)
(0.30422222222222223, 0.28199999999999997, 0.317)
(0.30422222222222223, 0.28199999999999997, 0.317)
(0.30422222222222223, 0.28199999999999997, 0.317)
(0.30422222222222223, 0.28199999999999997, 0.317)
(0.30422222222222223, 0.28199999999999997, 0.317)
(0.30422222222222223, 0.28199999999999997, 0.317)
(0.30433333333333334, 0.28199999999999997, 0.317)
(0.30422222222222223, 0.28199999999999997, 0.317)
(0.30422222222222223, 0.28199999999999997, 0.317)
(0.30433333333333334, 0.28199999999999997, 0.317)
(0.30433333333333334, 0.28199999999999997, 0.317)
(0.30433333333333334, 0.28199999999999997, 0.317)
(0.30433333333333334, 0.28199999999999997, 0.317)
(0.30433333333333334, 0.28199999999999997, 0.317)
(0.30433333333333334, 0.28199999999999997, 0.317)
(0.30444444444444446, 0.28199999999999997, 0.316)
(0.30444444444444446, 0.28199999999999997, 0.316)
(0.30444444444444446, 0.28199999999999997, 0.316)
(0.30444444444444446, 0.28199999999999997, 0.316)
(0.30444444444444446, 0.28199999999999997, 0.316)
(0.30444444444444446, 0.28199999999999997, 0.316)
(0.30444444444444446, 0.28199999999999997, 0.316)
(0.30444444444444446, 0.28199999999999997, 0.316)
(0.30444444444444446, 0.28199999999999997, 0.316)
(0.30444444444444446, 0.28199999999999997, 0.316)
(0.30444444444444446, 0.28299999999999997, 0.316)
(0.30455555555555558, 0.28299999999999997, 0.316)
(0.30455555555555558, 0.28299999999999997, 0.316)
(0.30455555555555558, 0.28299999999999997, 0.316)
(0.30455555555555558, 0.28299999999999997, 0.316)
(0.30444444444444446, 0.28299999999999997, 0.316)
(0.30444444444444446, 0.28299999999999997, 0.316)
(0.30444444444444446, 0.28299999999999997, 0.316)
(0.30444444444444446, 0.28299999999999997, 0.316)
(0.30433333333333334, 0.28299999999999997, 0.316)
(0.30433333333333334, 0.28299999999999997, 0.316)
(0.30444444444444446, 0.28299999999999997, 0.316)
(0.30444444444444446, 0.28299999999999997, 0.316)
(0.30444444444444446, 0.28299999999999997, 0.316)
(0.30444444444444446, 0.28299999999999997, 0.316)
