(0.10177777777777777, 0.097000000000000003, 0.111)
(0.10077777777777777, 0.098000000000000004, 0.106)
(0.10077777777777777, 0.098000000000000004, 0.106)
(0.10077777777777777, 0.098000000000000004, 0.106)
(0.10077777777777777, 0.098000000000000004, 0.106)
(0.10077777777777777, 0.098000000000000004, 0.106)
(0.10077777777777777, 0.098000000000000004, 0.106)
(0.10077777777777777, 0.098000000000000004, 0.106)
(0.10077777777777777, 0.098000000000000004, 0.106)
(0.10077777777777777, 0.098000000000000004, 0.106)
(0.10077777777777777, 0.098000000000000004, 0.106)
(0.10077777777777777, 0.098000000000000004, 0.106)
(0.10077777777777777, 0.098000000000000004, 0.106)
(0.10077777777777777, 0.098000000000000004, 0.106)
(0.10077777777777777, 0.098000000000000004, 0.106)
(0.10077777777777777, 0.098000000000000004, 0.106)
(0.10077777777777777, 0.098000000000000004, 0.106)
(0.10077777777777777, 0.098000000000000004, 0.106)
(0.10077777777777777, 0.098000000000000004, 0.106)
(0.10077777777777777, 0.098000000000000004, 0.106)
(0.10077777777777777, 0.098000000000000004, 0.106)
(0.10077777777777777, 0.098000000000000004, 0.106)
(0.10077777777777777, 0.098000000000000004, 0.106)
(0.10077777777777777, 0.098000000000000004, 0.106)
(0.10077777777777777, 0.098000000000000004, 0.106)
(0.10077777777777777, 0.098000000000000004, 0.106)
(0.10077777777777777, 0.098000000000000004, 0.106)
(0.10077777777777777, 0.098000000000000004, 0.106)
(0.10077777777777777, 0.098000000000000004, 0.106)
(0.10077777777777777, 0.098000000000000004, 0.106)
(0.10077777777777777, 0.098000000000000004, 0.106)
(0.10077777777777777, 0.098000000000000004, 0.106)
(0.10077777777777777, 0.098000000000000004, 0.106)
(0.10077777777777777, 0.098000000000000004, 0.106)
(0.10077777777777777, 0.098000000000000004, 0.106)
(0.10077777777777777, 0.098000000000000004, 0.106)
(0.10077777777777777, 0.098000000000000004, 0.106)
(0.10077777777777777, 0.098000000000000004, 0.106)
(0.10077777777777777, 0.098000000000000004, 0.106)
(0.10077777777777777, 0.098000000000000004, 0.106)
(0.10077777777777777, 0.098000000000000004, 0.106)
(0.10077777777777777, 0.098000000000000004, 0.106)
(0.10077777777777777, 0.098000000000000004, 0.106)
(0.10077777777777777, 0.098000000000000004, 0.106)
(0.10077777777777777, 0.098000000000000004, 0.106)
(0.10077777777777777, 0.098000000000000004, 0.106)
(0.10077777777777777, 0.098000000000000004, 0.106)
(0.10077777777777777, 0.098000000000000004, 0.106)
(0.10077777777777777, 0.098000000000000004, 0.106)
(0.10077777777777777, 0.098000000000000004, 0.106)
(0.10077777777777777, 0.098000000000000004, 0.106)
(0.10077777777777777, 0.098000000000000004, 0.106)
(0.10077777777777777, 0.098000000000000004, 0.106)
(0.10077777777777777, 0.098000000000000004, 0.106)
(0.10077777777777777, 0.098000000000000004, 0.106)
(0.10077777777777777, 0.098000000000000004, 0.106)
(0.10077777777777777, 0.098000000000000004, 0.106)
(0.10077777777777777, 0.098000000000000004, 0.106)
(0.10077777777777777, 0.098000000000000004, 0.106)
(0.10077777777777777, 0.098000000000000004, 0.106)
(0.10077777777777777, 0.098000000000000004, 0.106)
(0.10077777777777777, 0.098000000000000004, 0.106)
(0.10077777777777777, 0.098000000000000004, 0.106)
(0.10077777777777777, 0.098000000000000004, 0.106)
(0.10077777777777777, 0.098000000000000004, 0.106)
(0.10077777777777777, 0.098000000000000004, 0.106)
(0.10077777777777777, 0.098000000000000004, 0.106)
(0.10077777777777777, 0.098000000000000004, 0.106)
(0.10077777777777777, 0.098000000000000004, 0.106)
(0.10077777777777777, 0.098000000000000004, 0.106)
(0.10077777777777777, 0.098000000000000004, 0.106)
(0.10077777777777777, 0.098000000000000004, 0.106)
(0.2041111111111111, 0.18099999999999999, 0.217)
(0.21522222222222223, 0.19800000000000001, 0.218)
(0.20777777777777778, 0.18099999999999999, 0.219)
(0.2088888888888889, 0.185, 0.219)
(0.20944444444444443, 0.186, 0.218)
(0.20844444444444443, 0.186, 0.217)
(0.20855555555555555, 0.186, 0.217)
(0.20877777777777778, 0.186, 0.218)
(0.20922222222222223, 0.185, 0.218)
(0.2088888888888889, 0.185, 0.218)
(0.20877777777777778, 0.185, 0.218)
(0.20922222222222223, 0.186, 0.219)
(0.20933333333333334, 0.186, 0.218)
(0.20955555555555555, 0.186, 0.218)
(0.20944444444444443, 0.185, 0.218)
(0.20977777777777779, 0.186, 0.218)
(0.20944444444444443, 0.185, 0.218)
(0.20911111111111111, 0.184, 0.218)
(0.20944444444444443, 0.184, 0.218)
(0.20966666666666667, 0.185, 0.217)
(0.20977777777777779, 0.184, 0.218)
(0.20922222222222223, 0.184, 0.218)
(0.20977777777777779, 0.185, 0.218)
(0.2098888888888889, 0.184, 0.218)
(0.21011111111111111, 0.184, 0.218)
(0.2098888888888889, 0.184, 0.218)
(0.20999999999999999, 0.183, 0.218)
(0.20966666666666667, 0.184, 0.218)
(0.20977777777777779, 0.183, 0.218)
(0.2098888888888889, 0.183, 0.218)
(0.2098888888888889, 0.183, 0.218)
(0.20955555555555555, 0.183, 0.218)
(0.20966666666666667, 0.183, 0.218)
(0.20944444444444443, 0.183, 0.218)
(0.20922222222222223, 0.184, 0.218)
(0.20922222222222223, 0.184, 0.218)
(0.20933333333333334, 0.183, 0.218)
(0.20966666666666667, 0.183, 0.218)
(0.20911111111111111, 0.184, 0.218)
(0.20944444444444443, 0.183, 0.218)
(0.20911111111111111, 0.184, 0.218)
(0.20977777777777779, 0.183, 0.218)
(0.20966666666666667, 0.183, 0.217)
(0.2098888888888889, 0.184, 0.218)
(0.20911111111111111, 0.183, 0.219)
(0.20999999999999999, 0.183, 0.218)
(0.20966666666666667, 0.183, 0.218)
(0.20944444444444443, 0.184, 0.218)
(0.2098888888888889, 0.184, 0.218)
(0.20977777777777779, 0.184, 0.218)
(0.21033333333333334, 0.183, 0.218)
(0.2098888888888889, 0.183, 0.219)
(0.2098888888888889, 0.183, 0.218)
(0.2098888888888889, 0.183, 0.218)
(0.20999999999999999, 0.183, 0.218)
(0.20955555555555555, 0.183, 0.219)
(0.20966666666666667, 0.183, 0.218)
(0.20977777777777779, 0.183, 0.219)
(0.20955555555555555, 0.183, 0.218)
(0.2098888888888889, 0.183, 0.219)
(0.20944444444444443, 0.183, 0.219)
(0.2098888888888889, 0.183, 0.218)
(0.20944444444444443, 0.183, 0.219)
(0.21011111111111111, 0.184, 0.218)
(0.2098888888888889, 0.183, 0.219)
(0.21022222222222223, 0.184, 0.218)
(0.21044444444444443, 0.184, 0.218)
(0.21077777777777779, 0.185, 0.218)
(0.21033333333333334, 0.184, 0.218)
(0.21055555555555555, 0.184, 0.218)
(0.21055555555555555, 0.184, 0.218)
(0.21011111111111111, 0.184, 0.218)
(0.21022222222222223, 0.183, 0.218)
(0.21011111111111111, 0.183, 0.218)
(0.21033333333333334, 0.183, 0.218)
(0.21055555555555555, 0.185, 0.218)
(0.20999999999999999, 0.183, 0.218)
(0.2098888888888889, 0.185, 0.218)
(0.21022222222222223, 0.183, 0.218)
(0.20977777777777779, 0.183, 0.218)
(0.21022222222222223, 0.185, 0.218)
(0.21033333333333334, 0.185, 0.218)
(0.21022222222222223, 0.185, 0.218)
(0.21022222222222223, 0.185, 0.218)
(0.21044444444444443, 0.185, 0.218)
(0.20999999999999999, 0.183, 0.218)
(0.21011111111111111, 0.183, 0.218)
(0.21011111111111111, 0.185, 0.218)
(0.20966666666666667, 0.184, 0.218)
(0.21011111111111111, 0.185, 0.218)
(0.2098888888888889, 0.184, 0.218)
(0.20999999999999999, 0.184, 0.218)
(0.20999999999999999, 0.184, 0.218)
(0.20999999999999999, 0.184, 0.218)
(0.20999999999999999, 0.183, 0.218)
(0.20955555555555555, 0.183, 0.219)
(0.20955555555555555, 0.183, 0.219)
(0.21011111111111111, 0.183, 0.218)
(0.2098888888888889, 0.183, 0.219)
(0.20977777777777779, 0.183, 0.219)
(0.21044444444444443, 0.185, 0.218)
(0.21044444444444443, 0.185, 0.218)
(0.21022222222222223, 0.185, 0.218)
(0.21033333333333334, 0.185, 0.218)
(0.21011111111111111, 0.185, 0.219)
(0.2098888888888889, 0.185, 0.219)
(0.21022222222222223, 0.185, 0.218)
(0.21022222222222223, 0.185, 0.218)
(0.21066666666666667, 0.185, 0.218)
(0.21044444444444443, 0.185, 0.218)
(0.2098888888888889, 0.183, 0.219)
(0.21033333333333334, 0.185, 0.218)
(0.21044444444444443, 0.185, 0.218)
(0.21033333333333334, 0.185, 0.218)
(0.20999999999999999, 0.184, 0.219)
(0.21033333333333334, 0.185, 0.218)
(0.21055555555555555, 0.185, 0.218)
(0.21022222222222223, 0.185, 0.218)
(0.21011111111111111, 0.185, 0.218)
(0.21022222222222223, 0.185, 0.218)
(0.21022222222222223, 0.185, 0.218)
(0.21011111111111111, 0.185, 0.218)
(0.21022222222222223, 0.185, 0.218)
(0.21066666666666667, 0.185, 0.218)
(0.21022222222222223, 0.185, 0.218)
(0.21022222222222223, 0.185, 0.217)
(0.2098888888888889, 0.185, 0.217)
(0.21033333333333334, 0.185, 0.218)
(0.21033333333333334, 0.185, 0.217)
(0.21055555555555555, 0.185, 0.218)
(0.21055555555555555, 0.185, 0.218)
(0.21066666666666667, 0.185, 0.218)
(0.20999999999999999, 0.185, 0.217)
(0.21022222222222223, 0.185, 0.217)
(0.21022222222222223, 0.185, 0.218)
(0.21011111111111111, 0.185, 0.217)
(0.21022222222222223, 0.185, 0.217)
(0.21033333333333334, 0.185, 0.217)
(0.21044444444444443, 0.185, 0.217)
(0.21044444444444443, 0.185, 0.218)
(0.21044444444444443, 0.185, 0.218)
(0.21044444444444443, 0.185, 0.218)
(0.21044444444444443, 0.185, 0.218)
(0.20999999999999999, 0.185, 0.217)
(0.21022222222222223, 0.185, 0.217)
(0.21055555555555555, 0.185, 0.218)
(0.21022222222222223, 0.185, 0.217)
(0.21011111111111111, 0.185, 0.219)
(0.21033333333333334, 0.185, 0.218)
(0.21066666666666667, 0.185, 0.218)
(0.21022222222222223, 0.185, 0.218)
(0.2098888888888889, 0.185, 0.218)
(0.20999999999999999, 0.185, 0.218)
(0.21022222222222223, 0.185, 0.219)
(0.20966666666666667, 0.184, 0.219)
(0.20999999999999999, 0.183, 0.219)
(0.2098888888888889, 0.184, 0.219)
(0.21033333333333334, 0.184, 0.219)
(0.20999999999999999, 0.185, 0.219)
(0.21077777777777779, 0.185, 0.217)
(0.21055555555555555, 0.185, 0.218)
(0.21022222222222223, 0.185, 0.218)
(0.21088888888888888, 0.185, 0.218)
(0.21033333333333334, 0.184, 0.22)
(0.21133333333333335, 0.184, 0.219)
(0.27966666666666667, 0.23699999999999999, 0.29199999999999998)
(0.20722222222222222, 0.16200000000000001, 0.218)
(0.20811111111111111, 0.16200000000000001, 0.218)
(0.28133333333333332, 0.23300000000000001, 0.29899999999999999)
(0.28855555555555557, 0.247, 0.308)
(0.29033333333333333, 0.24399999999999999, 0.309)
(0.2901111111111111, 0.24199999999999999, 0.308)
(0.30888888888888888, 0.26100000000000001, 0.313)
(0.30277777777777776, 0.26700000000000002, 0.311)
(0.32811111111111113, 0.28000000000000003, 0.34999999999999998)
(0.33644444444444443, 0.28000000000000003, 0.35199999999999998)
(0.33700000000000002, 0.28799999999999998, 0.34699999999999998)
(0.33533333333333332, 0.29099999999999998, 0.34499999999999997)
(0.33677777777777779, 0.29199999999999998, 0.34699999999999998)
(0.33833333333333332, 0.29199999999999998, 0.34699999999999998)
(0.33877777777777779, 0.29099999999999998, 0.34999999999999998)
(0.33911111111111109, 0.29299999999999998, 0.34899999999999998)
(0.33966666666666667, 0.29699999999999999, 0.35099999999999998)
(0.34200000000000003, 0.29899999999999999, 0.35099999999999998)
(0.34433333333333332, 0.30299999999999999, 0.35399999999999998)
(0.34544444444444444, 0.30099999999999999, 0.35299999999999998)
(0.34544444444444444, 0.30299999999999999, 0.35399999999999998)
(0.34922222222222221, 0.30099999999999999, 0.35799999999999998)
(0.35166666666666668, 0.311, 0.36199999999999999)
(0.35655555555555557, 0.315, 0.36099999999999999)
(0.35166666666666668, 0.314, 0.35999999999999999)
(0.35233333333333333, 0.317, 0.39000000000000001)
(0.32833333333333331, 0.29899999999999999, 0.34200000000000003)
(0.32177777777777777, 0.29399999999999998, 0.33300000000000002)
(0.31955555555555554, 0.29199999999999998, 0.33200000000000002)
(0.31377777777777777, 0.28699999999999998, 0.31900000000000001)
(0.30888888888888888, 0.28299999999999997, 0.308)
(0.31033333333333335, 0.28299999999999997, 0.312)
(0.311, 0.28399999999999997, 0.312)
(0.30911111111111111, 0.28399999999999997, 0.31)
(0.30988888888888888, 0.28499999999999998, 0.311)
(0.30733333333333335, 0.27700000000000002, 0.307)
(0.30988888888888888, 0.28599999999999998, 0.312)
(0.30966666666666665, 0.27700000000000002, 0.312)
(0.31022222222222223, 0.28100000000000003, 0.312)
(0.30922222222222223, 0.28499999999999998, 0.315)
(0.30977777777777776, 0.28499999999999998, 0.314)
(0.31022222222222223, 0.28599999999999998, 0.313)
(0.30877777777777776, 0.28399999999999997, 0.316)
(0.30855555555555558, 0.28399999999999997, 0.316)
(0.30833333333333335, 0.28499999999999998, 0.317)
(0.30922222222222223, 0.28499999999999998, 0.316)
(0.30866666666666664, 0.28399999999999997, 0.316)
(0.30722222222222223, 0.28299999999999997, 0.317)
(0.30833333333333335, 0.28299999999999997, 0.316)
(0.309, 0.28399999999999997, 0.317)
(0.30788888888888888, 0.28499999999999998, 0.316)
(0.30777777777777776, 0.28399999999999997, 0.316)
(0.30811111111111111, 0.28499999999999998, 0.317)
(0.30877777777777776, 0.28499999999999998, 0.317)
(0.30811111111111111, 0.28599999999999998, 0.316)
(0.30833333333333335, 0.28699999999999998, 0.316)
(0.307, 0.28399999999999997, 0.314)
(0.30677777777777776, 0.28499999999999998, 0.314)
(0.307, 0.28399999999999997, 0.314)
(0.30666666666666664, 0.28499999999999998, 0.314)
(0.30577777777777776, 0.28399999999999997, 0.315)
(0.30666666666666664, 0.28499999999999998, 0.315)
(0.30644444444444446, 0.28599999999999998, 0.314)
(0.30644444444444446, 0.28399999999999997, 0.314)
(0.30633333333333335, 0.28399999999999997, 0.315)
(0.30688888888888888, 0.28599999999999998, 0.314)
(0.30633333333333335, 0.28599999999999998, 0.314)
(0.30733333333333335, 0.28599999999999998, 0.314)
(0.307, 0.28499999999999998, 0.315)
(0.30733333333333335, 0.28699999999999998, 0.314)
(0.30688888888888888, 0.28499999999999998, 0.314)
(0.30655555555555558, 0.28399999999999997, 0.314)
(0.30677777777777776, 0.28299999999999997, 0.317)
(0.30722222222222223, 0.28299999999999997, 0.317)
(0.307, 0.28599999999999998, 0.315)
(0.30688888888888888, 0.28599999999999998, 0.316)
(0.30744444444444446, 0.28299999999999997, 0.317)
(0.307, 0.28499999999999998, 0.315)
(0.30688888888888888, 0.28599999999999998, 0.315)
(0.30633333333333335, 0.28199999999999997, 0.317)
(0.30655555555555558, 0.28000000000000003, 0.317)
(0.30644444444444446, 0.28000000000000003, 0.317)
(0.30655555555555558, 0.28000000000000003, 0.317)
(0.307, 0.28299999999999997, 0.317)
(0.30655555555555558, 0.28000000000000003, 0.318)
(0.30677777777777776, 0.28000000000000003, 0.318)
(0.307, 0.28000000000000003, 0.318)
(0.30633333333333335, 0.28000000000000003, 0.318)
(0.30633333333333335, 0.27900000000000003, 0.317)
(0.307, 0.27900000000000003, 0.318)
(0.307, 0.28000000000000003, 0.317)
(0.30733333333333335, 0.28000000000000003, 0.317)
(0.307, 0.28000000000000003, 0.317)
(0.30722222222222223, 0.28000000000000003, 0.317)
(0.30666666666666664, 0.28000000000000003, 0.317)
(0.30766666666666664, 0.28599999999999998, 0.317)
(0.30599999999999999, 0.28000000000000003, 0.317)
(0.30599999999999999, 0.28000000000000003, 0.318)
(0.30655555555555558, 0.27900000000000003, 0.317)
(0.30644444444444446, 0.28100000000000003, 0.317)
(0.30666666666666664, 0.27900000000000003, 0.317)
(0.30622222222222223, 0.27900000000000003, 0.317)
(0.30644444444444446, 0.27800000000000002, 0.317)
(0.30633333333333335, 0.27900000000000003, 0.318)
(0.30633333333333335, 0.28000000000000003, 0.31900000000000001)
(0.30622222222222223, 0.27900000000000003, 0.318)
(0.30599999999999999, 0.28000000000000003, 0.318)
(0.30544444444444446, 0.28000000000000003, 0.317)
(0.30644444444444446, 0.27900000000000003, 0.318)
(0.30644444444444446, 0.27900000000000003, 0.318)
(0.30644444444444446, 0.27900000000000003, 0.318)
(0.30611111111111111, 0.27900000000000003, 0.318)
(0.30488888888888888, 0.28000000000000003, 0.318)
(0.30655555555555558, 0.28100000000000003, 0.317)
(0.30599999999999999, 0.27900000000000003, 0.317)
(0.30644444444444446, 0.27900000000000003, 0.317)
(0.30588888888888888, 0.27900000000000003, 0.318)
(0.30599999999999999, 0.27900000000000003, 0.318)
(0.30611111111111111, 0.27900000000000003, 0.317)
(0.30644444444444446, 0.27900000000000003, 0.318)
(0.30599999999999999, 0.27900000000000003, 0.318)
(0.30622222222222223, 0.27900000000000003, 0.31900000000000001)
(0.30655555555555558, 0.28000000000000003, 0.318)
(0.30688888888888888, 0.28000000000000003, 0.318)
(0.30722222222222223, 0.28199999999999997, 0.317)
(0.30666666666666664, 0.27900000000000003, 0.318)
(0.30644444444444446, 0.27900000000000003, 0.318)
(0.30722222222222223, 0.28000000000000003, 0.318)
(0.30622222222222223, 0.27900000000000003, 0.318)
(0.30666666666666664, 0.28000000000000003, 0.318)
(0.30666666666666664, 0.28100000000000003, 0.318)
(0.30577777777777776, 0.27900000000000003, 0.318)
(0.30611111111111111, 0.28000000000000003, 0.318)
(0.30566666666666664, 0.28000000000000003, 0.318)
(0.30688888888888888, 0.28000000000000003, 0.318)
(0.30688888888888888, 0.27900000000000003, 0.318)
(0.30633333333333335, 0.28000000000000003, 0.318)
(0.307, 0.28000000000000003, 0.317)
(0.30622222222222223, 0.27900000000000003, 0.318)
(0.30611111111111111, 0.28100000000000003, 0.318)
(0.30577777777777776, 0.28000000000000003, 0.318)
(0.30577777777777776, 0.28000000000000003, 0.317)
(0.30711111111111111, 0.28000000000000003, 0.318)
(0.30666666666666664, 0.27900000000000003, 0.318)
(0.30611111111111111, 0.27900000000000003, 0.317)
(0.30633333333333335, 0.28000000000000003, 0.318)
(0.30588888888888888, 0.28100000000000003, 0.318)
(0.30644444444444446, 0.28000000000000003, 0.318)
(0.30577777777777776, 0.28100000000000003, 0.317)
(0.30588888888888888, 0.28000000000000003, 0.318)
(0.30588888888888888, 0.28000000000000003, 0.318)
(0.30544444444444446, 0.28100000000000003, 0.318)
(0.30555555555555558, 0.28100000000000003, 0.317)
(0.30544444444444446, 0.28100000000000003, 0.318)
(0.30577777777777776, 0.28100000000000003, 0.318)
(0.30622222222222223, 0.28100000000000003, 0.318)
(0.30577777777777776, 0.28100000000000003, 0.318)
(0.30599999999999999, 0.28100000000000003, 0.317)
(0.30566666666666664, 0.28100000000000003, 0.317)
(0.30555555555555558, 0.28100000000000003, 0.317)
(0.30566666666666664, 0.28100000000000003, 0.318)
(0.30566666666666664, 0.28100000000000003, 0.318)
(0.30588888888888888, 0.28199999999999997, 0.317)
(0.30599999999999999, 0.28100000000000003, 0.317)
(0.30611111111111111, 0.28100000000000003, 0.318)
(0.30566666666666664, 0.28100000000000003, 0.317)
(0.30511111111111111, 0.28100000000000003, 0.317)
(0.30599999999999999, 0.28100000000000003, 0.317)
(0.30588888888888888, 0.28000000000000003, 0.318)
(0.30588888888888888, 0.28000000000000003, 0.316)
(0.30655555555555558, 0.28100000000000003, 0.317)
(0.30577777777777776, 0.28199999999999997, 0.316)
(0.30555555555555558, 0.28100000000000003, 0.317)
(0.30577777777777776, 0.28199999999999997, 0.318)
(0.30555555555555558, 0.28199999999999997, 0.318)
(0.30611111111111111, 0.28100000000000003, 0.317)
(0.30555555555555558, 0.28100000000000003, 0.318)
(0.30566666666666664, 0.28199999999999997, 0.318)
(0.30577777777777776, 0.28100000000000003, 0.318)
(0.30633333333333335, 0.28000000000000003, 0.317)
(0.30622222222222223, 0.28100000000000003, 0.317)
(0.30588888888888888, 0.28000000000000003, 0.318)
(0.30588888888888888, 0.28100000000000003, 0.317)
(0.30577777777777776, 0.28000000000000003, 0.317)
(0.30566666666666664, 0.28000000000000003, 0.317)
(0.30666666666666664, 0.28000000000000003, 0.317)
(0.30566666666666664, 0.28100000000000003, 0.317)
(0.30566666666666664, 0.28100000000000003, 0.318)
(0.30577777777777776, 0.28199999999999997, 0.316)
(0.30566666666666664, 0.28199999999999997, 0.318)
(0.30611111111111111, 0.28100000000000003, 0.317)
(0.30588888888888888, 0.28100000000000003, 0.318)
(0.30588888888888888, 0.28199999999999997, 0.317)
(0.30599999999999999, 0.28199999999999997, 0.317)
(0.30633333333333335, 0.28100000000000003, 0.318)
(0.30566666666666664, 0.28100000000000003, 0.318)
(0.30644444444444446, 0.28100000000000003, 0.318)
(0.30622222222222223, 0.28100000000000003, 0.318)
(0.30599999999999999, 0.28100000000000003, 0.318)
(0.30599999999999999, 0.28100000000000003, 0.318)
(0.30611111111111111, 0.28100000000000003, 0.318)
(0.30577777777777776, 0.28100000000000003, 0.317)
(0.30599999999999999, 0.28199999999999997, 0.316)
(0.30599999999999999, 0.28100000000000003, 0.317)
(0.30588888888888888, 0.28199999999999997, 0.317)
(0.30577777777777776, 0.28199999999999997, 0.316)
(0.30622222222222223, 0.28199999999999997, 0.317)
(0.30577777777777776, 0.28100000000000003, 0.317)
(0.30588888888888888, 0.28199999999999997, 0.316)
(0.30588888888888888, 0.28199999999999997, 0.317)
(0.30555555555555558, 0.28299999999999997, 0.318)
(0.30522222222222223, 0.28000000000000003, 0.317)
(0.30544444444444446, 0.28199999999999997, 0.317)
(0.30533333333333335, 0.28199999999999997, 0.318)
(0.30566666666666664, 0.28199999999999997, 0.317)
(0.30588888888888888, 0.28199999999999997, 0.318)
(0.30599999999999999, 0.28100000000000003, 0.317)
(0.30599999999999999, 0.28100000000000003, 0.317)
(0.30555555555555558, 0.28199999999999997, 0.317)
(0.30599999999999999, 0.28100000000000003, 0.317)
(0.30611111111111111, 0.28100000000000003, 0.317)
(0.30599999999999999, 0.28100000000000003, 0.318)
(0.30611111111111111, 0.28100000000000003, 0.317)
(0.30599999999999999, 0.28299999999999997, 0.317)
(0.30633333333333335, 0.28199999999999997, 0.317)
(0.30633333333333335, 0.28000000000000003, 0.318)
(0.30655555555555558, 0.28199999999999997, 0.317)
(0.30611111111111111, 0.28000000000000003, 0.317)
(0.30555555555555558, 0.28000000000000003, 0.317)
(0.30566666666666664, 0.28000000000000003, 0.317)
(0.30566666666666664, 0.28100000000000003, 0.317)
(0.30588888888888888, 0.28000000000000003, 0.317)
(0.30588888888888888, 0.28100000000000003, 0.318)
(0.30611111111111111, 0.28100000000000003, 0.317)
(0.30577777777777776, 0.28100000000000003, 0.317)
(0.30577777777777776, 0.28100000000000003, 0.317)
(0.30577777777777776, 0.28000000000000003, 0.317)
(0.30566666666666664, 0.28100000000000003, 0.317)
(0.30611111111111111, 0.28100000000000003, 0.317)
(0.30622222222222223, 0.28100000000000003, 0.317)
(0.30566666666666664, 0.28100000000000003, 0.316)
(0.30588888888888888, 0.28100000000000003, 0.317)
(0.30611111111111111, 0.28100000000000003, 0.317)
(0.30599999999999999, 0.28100000000000003, 0.318)
(0.30588888888888888, 0.28000000000000003, 0.317)
(0.30611111111111111, 0.28100000000000003, 0.316)
(0.30555555555555558, 0.28199999999999997, 0.318)
(0.30555555555555558, 0.28100000000000003, 0.318)
(0.30644444444444446, 0.28199999999999997, 0.317)
(0.30599999999999999, 0.28000000000000003, 0.317)
(0.30611111111111111, 0.28000000000000003, 0.318)
(0.30622222222222223, 0.28199999999999997, 0.317)
(0.30622222222222223, 0.28199999999999997, 0.317)
(0.30588888888888888, 0.28100000000000003, 0.317)
(0.30655555555555558, 0.28100000000000003, 0.318)
(0.30611111111111111, 0.28100000000000003, 0.318)
(0.30555555555555558, 0.28100000000000003, 0.317)
(0.30633333333333335, 0.28100000000000003, 0.318)
(0.30622222222222223, 0.28100000000000003, 0.317)
(0.30577777777777776, 0.28000000000000003, 0.317)
(0.30611111111111111, 0.28000000000000003, 0.318)
(0.30577777777777776, 0.28100000000000003, 0.317)
(0.30599999999999999, 0.28199999999999997, 0.317)
(0.30588888888888888, 0.28100000000000003, 0.317)
(0.30566666666666664, 0.28100000000000003, 0.317)
(0.30566666666666664, 0.28000000000000003, 0.317)
(0.30544444444444446, 0.28000000000000003, 0.317)
(0.30555555555555558, 0.28000000000000003, 0.317)
(0.30577777777777776, 0.28000000000000003, 0.317)
(0.30611111111111111, 0.28100000000000003, 0.317)
(0.30533333333333335, 0.28000000000000003, 0.317)
(0.30577777777777776, 0.28000000000000003, 0.317)
(0.30577777777777776, 0.28000000000000003, 0.317)
(0.30644444444444446, 0.28000000000000003, 0.318)
(0.30622222222222223, 0.28000000000000003, 0.318)
(0.30566666666666664, 0.28000000000000003, 0.317)
(0.30577777777777776, 0.28100000000000003, 0.317)
(0.30577777777777776, 0.28000000000000003, 0.317)
(0.30533333333333335, 0.28000000000000003, 0.317)
(0.30599999999999999, 0.28000000000000003, 0.317)
(0.30622222222222223, 0.28000000000000003, 0.317)
(0.30544444444444446, 0.27900000000000003, 0.317)
(0.30511111111111111, 0.28000000000000003, 0.316)
(0.30511111111111111, 0.28000000000000003, 0.316)
(0.30566666666666664, 0.28000000000000003, 0.317)
(0.30566666666666664, 0.28100000000000003, 0.317)
(0.30577777777777776, 0.28100000000000003, 0.318)
(0.30555555555555558, 0.28100000000000003, 0.318)
(0.30533333333333335, 0.28000000000000003, 0.317)
(0.30566666666666664, 0.28100000000000003, 0.318)
(0.30588888888888888, 0.28199999999999997, 0.318)
(0.30577777777777776, 0.28199999999999997, 0.317)
(0.30566666666666664, 0.28100000000000003, 0.317)
(0.30566666666666664, 0.28000000000000003, 0.317)
(0.30555555555555558, 0.28000000000000003, 0.317)
(0.30577777777777776, 0.28000000000000003, 0.317)
(0.30555555555555558, 0.28100000000000003, 0.317)
(0.30555555555555558, 0.28000000000000003, 0.317)
(0.30622222222222223, 0.28100000000000003, 0.318)
(0.30599999999999999, 0.28000000000000003, 0.317)
(0.30577777777777776, 0.28100000000000003, 0.317)
(0.30566666666666664, 0.28100000000000003, 0.317)
(0.30588888888888888, 0.28000000000000003, 0.317)
(0.30555555555555558, 0.28000000000000003, 0.317)
(0.30555555555555558, 0.28000000000000003, 0.317)
(0.30577777777777776, 0.28000000000000003, 0.317)
(0.30555555555555558, 0.28000000000000003, 0.317)
(0.30577777777777776, 0.28100000000000003, 0.318)
(0.30666666666666664, 0.28100000000000003, 0.318)
(0.30566666666666664, 0.28100000000000003, 0.318)
(0.30577777777777776, 0.28100000000000003, 0.317)
(0.30544444444444446, 0.28000000000000003, 0.317)
(0.30566666666666664, 0.28000000000000003, 0.317)
(0.30577777777777776, 0.28100000000000003, 0.317)
(0.30555555555555558, 0.28100000000000003, 0.317)
(0.30588888888888888, 0.28199999999999997, 0.317)
(0.30577777777777776, 0.28100000000000003, 0.317)
(0.30577777777777776, 0.28000000000000003, 0.317)
(0.30566666666666664, 0.28100000000000003, 0.317)
(0.30544444444444446, 0.28000000000000003, 0.317)
(0.30499999999999999, 0.28000000000000003, 0.316)
(0.30544444444444446, 0.27900000000000003, 0.317)
(0.30555555555555558, 0.27900000000000003, 0.317)
(0.30566666666666664, 0.27900000000000003, 0.317)
(0.30522222222222223, 0.28000000000000003, 0.316)
(0.30544444444444446, 0.28000000000000003, 0.317)
(0.30566666666666664, 0.28000000000000003, 0.317)
(0.30644444444444446, 0.28100000000000003, 0.317)
(0.30555555555555558, 0.28000000000000003, 0.317)
(0.30622222222222223, 0.28000000000000003, 0.317)
(0.30555555555555558, 0.28000000000000003, 0.317)
(0.30644444444444446, 0.27900000000000003, 0.318)
(0.30566666666666664, 0.27900000000000003, 0.317)
(0.30566666666666664, 0.27900000000000003, 0.317)
(0.30588888888888888, 0.28100000000000003, 0.317)
(0.30611111111111111, 0.28000000000000003, 0.317)
(0.30611111111111111, 0.28000000000000003, 0.317)
(0.30588888888888888, 0.28000000000000003, 0.317)
(0.30633333333333335, 0.28000000000000003, 0.317)
(0.30566666666666664, 0.28000000000000003, 0.317)
(0.30555555555555558, 0.28000000000000003, 0.317)
(0.30588888888888888, 0.28000000000000003, 0.317)
(0.30588888888888888, 0.28000000000000003, 0.317)
(0.30655555555555558, 0.28100000000000003, 0.318)
(0.30588888888888888, 0.28000000000000003, 0.317)
(0.30588888888888888, 0.28000000000000003, 0.317)
(0.30566666666666664, 0.28000000000000003, 0.317)
(0.30555555555555558, 0.27900000000000003, 0.317)
(0.30611111111111111, 0.28100000000000003, 0.317)
(0.30599999999999999, 0.28100000000000003, 0.317)
(0.30566666666666664, 0.28100000000000003, 0.317)
(0.30577777777777776, 0.28100000000000003, 0.317)
(0.30566666666666664, 0.27900000000000003, 0.317)
(0.30588888888888888, 0.28100000000000003, 0.317)
(0.30611111111111111, 0.28100000000000003, 0.317)
(0.30599999999999999, 0.28000000000000003, 0.317)
(0.30544444444444446, 0.27900000000000003, 0.317)
(0.30599999999999999, 0.28000000000000003, 0.317)
(0.30633333333333335, 0.27900000000000003, 0.317)
(0.30588888888888888, 0.28000000000000003, 0.317)
(0.30622222222222223, 0.28000000000000003, 0.317)
(0.30622222222222223, 0.28100000000000003, 0.317)
(0.30599999999999999, 0.28000000000000003, 0.317)
(0.30655555555555558, 0.28000000000000003, 0.317)
(0.30588888888888888, 0.28000000000000003, 0.317)
(0.30611111111111111, 0.28100000000000003, 0.317)
(0.30633333333333335, 0.28000000000000003, 0.318)
(0.30666666666666664, 0.28100000000000003, 0.317)
(0.30644444444444446, 0.28100000000000003, 0.317)
(0.30599999999999999, 0.28000000000000003, 0.317)
(0.30644444444444446, 0.28100000000000003, 0.317)
(0.30611111111111111, 0.28100000000000003, 0.317)
(0.30611111111111111, 0.27800000000000002, 0.317)
(0.30588888888888888, 0.28100000000000003, 0.317)
(0.30566666666666664, 0.28100000000000003, 0.317)
(0.30566666666666664, 0.27900000000000003, 0.317)
(0.30588888888888888, 0.28100000000000003, 0.317)
(0.30588888888888888, 0.28100000000000003, 0.317)
(0.30577777777777776, 0.28100000000000003, 0.317)
(0.30599999999999999, 0.28000000000000003, 0.317)
(0.30588888888888888, 0.28000000000000003, 0.317)
(0.30599999999999999, 0.28000000000000003, 0.317)
(0.30599999999999999, 0.28100000000000003, 0.317)
(0.30577777777777776, 0.28100000000000003, 0.317)
(0.30622222222222223, 0.28100000000000003, 0.317)
(0.30588888888888888, 0.27900000000000003, 0.317)
(0.30577777777777776, 0.28199999999999997, 0.317)
(0.30644444444444446, 0.28100000000000003, 0.317)
(0.30599999999999999, 0.28100000000000003, 0.317)
(0.30599999999999999, 0.28100000000000003, 0.317)
(0.30611111111111111, 0.28100000000000003, 0.317)
(0.30611111111111111, 0.28199999999999997, 0.317)
(0.30622222222222223, 0.28100000000000003, 0.317)
(0.30577777777777776, 0.28000000000000003, 0.317)
(0.30577777777777776, 0.28000000000000003, 0.317)
(0.30611111111111111, 0.28000000000000003, 0.317)
(0.30599999999999999, 0.28000000000000003, 0.317)
(0.30622222222222223, 0.28000000000000003, 0.317)
(0.30611111111111111, 0.27800000000000002, 0.316)
(0.30644444444444446, 0.28000000000000003, 0.317)
(0.30688888888888888, 0.28000000000000003, 0.318)
(0.30633333333333335, 0.28000000000000003, 0.317)
(0.30611111111111111, 0.28000000000000003, 0.318)
(0.30633333333333335, 0.28100000000000003, 0.316)
(0.30588888888888888, 0.28000000000000003, 0.316)
(0.30633333333333335, 0.27900000000000003, 0.317)
(0.30611111111111111, 0.28000000000000003, 0.317)
(0.30599999999999999, 0.28100000000000003, 0.316)
(0.30655555555555558, 0.28100000000000003, 0.317)
(0.30588888888888888, 0.28100000000000003, 0.317)
(0.30588888888888888, 0.27900000000000003, 0.316)
(0.30611111111111111, 0.27900000000000003, 0.317)
(0.30599999999999999, 0.28100000000000003, 0.316)
(0.30622222222222223, 0.28100000000000003, 0.316)
(0.30611111111111111, 0.28100000000000003, 0.317)
(0.30577777777777776, 0.27900000000000003, 0.316)
(0.30577777777777776, 0.27900000000000003, 0.316)
(0.30633333333333335, 0.28100000000000003, 0.317)
(0.30633333333333335, 0.28100000000000003, 0.317)
(0.30599999999999999, 0.27800000000000002, 0.316)
(0.30588888888888888, 0.27800000000000002, 0.316)
(0.30599999999999999, 0.27800000000000002, 0.317)
(0.30599999999999999, 0.28100000000000003, 0.317)
(0.30544444444444446, 0.27700000000000002, 0.317)
(0.30611111111111111, 0.28000000000000003, 0.317)
(0.30599999999999999, 0.27800000000000002, 0.317)
(0.30588888888888888, 0.28100000000000003, 0.316)
(0.30599999999999999, 0.28100000000000003, 0.316)
(0.30622222222222223, 0.28100000000000003, 0.317)
(0.30633333333333335, 0.28100000000000003, 0.317)
(0.30611111111111111, 0.28100000000000003, 0.317)
(0.30577777777777776, 0.28100000000000003, 0.317)
(0.30588888888888888, 0.28000000000000003, 0.316)
(0.30555555555555558, 0.27800000000000002, 0.316)
(0.30577777777777776, 0.28000000000000003, 0.317)
(0.30599999999999999, 0.27900000000000003, 0.317)
(0.30599999999999999, 0.27900000000000003, 0.317)
(0.30599999999999999, 0.27800000000000002, 0.317)
(0.30622222222222223, 0.28100000000000003, 0.317)
(0.30599999999999999, 0.28100000000000003, 0.317)
(0.30599999999999999, 0.27900000000000003, 0.317)
(0.30588888888888888, 0.28100000000000003, 0.317)
(0.30577777777777776, 0.27800000000000002, 0.317)
(0.30633333333333335, 0.28100000000000003, 0.317)
(0.30566666666666664, 0.28100000000000003, 0.316)
(0.30599999999999999, 0.27800000000000002, 0.317)
(0.30611111111111111, 0.27800000000000002, 0.316)
(0.30633333333333335, 0.28100000000000003, 0.316)
(0.30633333333333335, 0.28000000000000003, 0.317)
(0.30633333333333335, 0.28100000000000003, 0.317)
(0.30622222222222223, 0.28000000000000003, 0.317)
(0.30577777777777776, 0.27800000000000002, 0.316)
(0.30655555555555558, 0.28000000000000003, 0.316)
(0.30622222222222223, 0.28100000000000003, 0.317)
(0.30611111111111111, 0.27900000000000003, 0.316)
(0.30555555555555558, 0.27700000000000002, 0.316)
(0.30599999999999999, 0.28000000000000003, 0.317)
(0.30566666666666664, 0.28000000000000003, 0.316)
(0.30577777777777776, 0.27800000000000002, 0.317)
(0.30622222222222223, 0.28000000000000003, 0.317)
(0.30644444444444446, 0.28000000000000003, 0.317)
(0.30633333333333335, 0.28100000000000003, 0.317)
(0.30611111111111111, 0.27900000000000003, 0.317)
(0.30611111111111111, 0.28000000000000003, 0.316)
(0.30588888888888888, 0.28100000000000003, 0.317)
(0.30611111111111111, 0.28100000000000003, 0.316)
(0.30599999999999999, 0.27900000000000003, 0.316)
(0.30622222222222223, 0.28100000000000003, 0.316)
(0.30644444444444446, 0.28000000000000003, 0.317)
(0.30655555555555558, 0.28199999999999997, 0.316)
(0.30611111111111111, 0.27800000000000002, 0.316)
(0.30655555555555558, 0.28100000000000003, 0.316)
(0.30655555555555558, 0.28100000000000003, 0.317)
(0.30555555555555558, 0.27800000000000002, 0.316)
(0.30599999999999999, 0.27900000000000003, 0.317)
(0.30577777777777776, 0.27900000000000003, 0.317)
(0.30622222222222223, 0.28000000000000003, 0.317)
(0.30599999999999999, 0.27900000000000003, 0.317)
(0.30588888888888888, 0.27900000000000003, 0.316)
(0.30622222222222223, 0.28000000000000003, 0.316)
(0.30633333333333335, 0.28000000000000003, 0.317)
(0.30544444444444446, 0.27800000000000002, 0.316)
(0.30622222222222223, 0.28000000000000003, 0.316)
(0.30611111111111111, 0.27800000000000002, 0.316)
(0.30577777777777776, 0.27900000000000003, 0.317)
(0.30577777777777776, 0.27900000000000003, 0.316)
(0.30633333333333335, 0.28000000000000003, 0.316)
(0.30633333333333335, 0.27800000000000002, 0.317)
(0.30588888888888888, 0.27800000000000002, 0.316)
(0.30599999999999999, 0.27800000000000002, 0.316)
(0.30533333333333335, 0.27900000000000003, 0.316)
(0.30644444444444446, 0.28100000000000003, 0.317)
(0.30555555555555558, 0.27900000000000003, 0.316)
(0.30644444444444446, 0.27900000000000003, 0.316)
(0.30666666666666664, 0.28000000000000003, 0.317)
(0.30599999999999999, 0.27900000000000003, 0.317)
(0.30566666666666664, 0.27800000000000002, 0.317)
(0.30611111111111111, 0.28100000000000003, 0.318)
(0.30599999999999999, 0.28000000000000003, 0.316)
(0.30611111111111111, 0.27800000000000002, 0.316)
(0.30533333333333335, 0.27800000000000002, 0.316)
(0.30522222222222223, 0.27600000000000002, 0.316)
(0.30633333333333335, 0.27900000000000003, 0.316)
(0.30599999999999999, 0.27900000000000003, 0.316)
(0.30644444444444446, 0.27900000000000003, 0.316)
(0.30666666666666664, 0.28000000000000003, 0.316)
(0.30666666666666664, 0.27900000000000003, 0.317)
(0.30633333333333335, 0.28100000000000003, 0.317)
(0.30599999999999999, 0.27900000000000003, 0.316)
(0.30566666666666664, 0.27700000000000002, 0.316)
(0.30622222222222223, 0.28000000000000003, 0.317)
(0.30611111111111111, 0.27800000000000002, 0.317)
(0.30611111111111111, 0.28000000000000003, 0.316)
(0.30622222222222223, 0.27900000000000003, 0.316)
(0.30622222222222223, 0.28000000000000003, 0.316)
(0.30566666666666664, 0.27900000000000003, 0.316)
(0.30611111111111111, 0.28000000000000003, 0.317)
(0.30577777777777776, 0.27800000000000002, 0.317)
(0.30599999999999999, 0.27900000000000003, 0.317)
(0.30444444444444446, 0.27700000000000002, 0.315)
(0.30633333333333335, 0.28000000000000003, 0.317)
(0.30644444444444446, 0.27900000000000003, 0.317)
(0.30655555555555558, 0.28000000000000003, 0.317)
(0.30566666666666664, 0.27900000000000003, 0.316)
(0.30577777777777776, 0.27900000000000003, 0.317)
(0.30544444444444446, 0.27800000000000002, 0.316)
(0.30633333333333335, 0.28000000000000003, 0.316)
(0.30633333333333335, 0.27900000000000003, 0.318)
(0.30533333333333335, 0.27900000000000003, 0.318)
(0.30588888888888888, 0.27700000000000002, 0.316)
(0.30522222222222223, 0.27800000000000002, 0.317)
(0.30533333333333335, 0.27800000000000002, 0.316)
(0.30633333333333335, 0.27900000000000003, 0.317)
(0.30555555555555558, 0.27700000000000002, 0.318)
(0.30577777777777776, 0.27900000000000003, 0.316)
(0.30577777777777776, 0.27800000000000002, 0.316)
(0.30599999999999999, 0.27800000000000002, 0.317)
(0.30644444444444446, 0.27800000000000002, 0.316)
(0.30611111111111111, 0.27900000000000003, 0.316)
(0.30611111111111111, 0.27800000000000002, 0.317)
(0.30588888888888888, 0.27900000000000003, 0.316)
(0.30611111111111111, 0.27900000000000003, 0.316)
(0.30622222222222223, 0.27800000000000002, 0.317)
(0.30566666666666664, 0.27900000000000003, 0.318)
(0.30622222222222223, 0.28000000000000003, 0.316)
(0.30566666666666664, 0.27800000000000002, 0.316)
(0.30644444444444446, 0.27900000000000003, 0.316)
(0.30622222222222223, 0.27900000000000003, 0.316)
(0.30644444444444446, 0.27800000000000002, 0.317)
(0.30622222222222223, 0.28000000000000003, 0.316)
(0.30455555555555558, 0.27700000000000002, 0.315)
(0.30644444444444446, 0.27800000000000002, 0.316)
(0.30588888888888888, 0.28000000000000003, 0.316)
(0.30533333333333335, 0.27700000000000002, 0.317)
(0.30522222222222223, 0.27700000000000002, 0.316)
(0.30622222222222223, 0.28000000000000003, 0.316)
(0.30622222222222223, 0.28000000000000003, 0.317)
(0.30588888888888888, 0.27900000000000003, 0.317)
(0.30588888888888888, 0.27900000000000003, 0.316)
(0.30633333333333335, 0.28000000000000003, 0.317)
(0.30611111111111111, 0.27900000000000003, 0.316)
(0.30577777777777776, 0.27800000000000002, 0.316)
(0.30544444444444446, 0.27800000000000002, 0.316)
(0.30655555555555558, 0.27900000000000003, 0.316)
(0.30644444444444446, 0.27800000000000002, 0.316)
(0.30644444444444446, 0.27900000000000003, 0.316)
(0.30566666666666664, 0.27800000000000002, 0.317)
(0.30544444444444446, 0.27800000000000002, 0.316)
(0.30644444444444446, 0.28100000000000003, 0.317)
(0.30544444444444446, 0.27900000000000003, 0.316)
(0.30722222222222223, 0.28100000000000003, 0.316)
(0.30577777777777776, 0.27800000000000002, 0.316)
(0.307, 0.28100000000000003, 0.317)
(0.30599999999999999, 0.27900000000000003, 0.317)
(0.30611111111111111, 0.27900000000000003, 0.317)
(0.30622222222222223, 0.27800000000000002, 0.317)
(0.30599999999999999, 0.27800000000000002, 0.316)
(0.30611111111111111, 0.28000000000000003, 0.317)
(0.30599999999999999, 0.27900000000000003, 0.317)
(0.30611111111111111, 0.28000000000000003, 0.317)
(0.30644444444444446, 0.27900000000000003, 0.316)
(0.30611111111111111, 0.27900000000000003, 0.316)
(0.30622222222222223, 0.27900000000000003, 0.317)
(0.30599999999999999, 0.28000000000000003, 0.317)
(0.30677777777777776, 0.27900000000000003, 0.317)
(0.30544444444444446, 0.27800000000000002, 0.315)
(0.30544444444444446, 0.28000000000000003, 0.316)
(0.30611111111111111, 0.27900000000000003, 0.317)
(0.30644444444444446, 0.28000000000000003, 0.316)
(0.30655555555555558, 0.28100000000000003, 0.317)
(0.30611111111111111, 0.27900000000000003, 0.317)
(0.30599999999999999, 0.28000000000000003, 0.316)
(0.30599999999999999, 0.28000000000000003, 0.316)
(0.30599999999999999, 0.27900000000000003, 0.315)
(0.30611111111111111, 0.27900000000000003, 0.316)
(0.30644444444444446, 0.27900000000000003, 0.317)
(0.30555555555555558, 0.27900000000000003, 0.317)
(0.30544444444444446, 0.27700000000000002, 0.317)
(0.30611111111111111, 0.27800000000000002, 0.315)
(0.30566666666666664, 0.27900000000000003, 0.316)
(0.30622222222222223, 0.28000000000000003, 0.317)
(0.30588888888888888, 0.28000000000000003, 0.317)
(0.30577777777777776, 0.28000000000000003, 0.317)
(0.30588888888888888, 0.27900000000000003, 0.316)
(0.30633333333333335, 0.27900000000000003, 0.317)
(0.30633333333333335, 0.27900000000000003, 0.317)
(0.30633333333333335, 0.27900000000000003, 0.317)
(0.30588888888888888, 0.28000000000000003, 0.316)
(0.30633333333333335, 0.28000000000000003, 0.317)
(0.30622222222222223, 0.28000000000000003, 0.317)
(0.30588888888888888, 0.27900000000000003, 0.316)
(0.30577777777777776, 0.27900000000000003, 0.316)
(0.30622222222222223, 0.27900000000000003, 0.316)
(0.30588888888888888, 0.27800000000000002, 0.316)
(0.30555555555555558, 0.27800000000000002, 0.317)
(0.30611111111111111, 0.27900000000000003, 0.317)
(0.30644444444444446, 0.27900000000000003, 0.317)
(0.30522222222222223, 0.27900000000000003, 0.317)
(0.30588888888888888, 0.27800000000000002, 0.317)
(0.30588888888888888, 0.27900000000000003, 0.316)
(0.30644444444444446, 0.28000000000000003, 0.317)
(0.30633333333333335, 0.28100000000000003, 0.316)
(0.30677777777777776, 0.28100000000000003, 0.316)
(0.30599999999999999, 0.28000000000000003, 0.316)
(0.30633333333333335, 0.28100000000000003, 0.316)
(0.30666666666666664, 0.28100000000000003, 0.317)
(0.30655555555555558, 0.28100000000000003, 0.317)
(0.30599999999999999, 0.27900000000000003, 0.316)
(0.30633333333333335, 0.28000000000000003, 0.316)
(0.30633333333333335, 0.27900000000000003, 0.316)
(0.30566666666666664, 0.27800000000000002, 0.317)
(0.30633333333333335, 0.28100000000000003, 0.317)
(0.30466666666666664, 0.27600000000000002, 0.316)
(0.30611111111111111, 0.27900000000000003, 0.316)
(0.30622222222222223, 0.27900000000000003, 0.316)
(0.30577777777777776, 0.28000000000000003, 0.316)
(0.30599999999999999, 0.28199999999999997, 0.316)
(0.30655555555555558, 0.28199999999999997, 0.316)
(0.30577777777777776, 0.28000000000000003, 0.317)
(0.30577777777777776, 0.27800000000000002, 0.317)
(0.30644444444444446, 0.28100000000000003, 0.316)
(0.30588888888888888, 0.28000000000000003, 0.317)
(0.30599999999999999, 0.27900000000000003, 0.316)
(0.30599999999999999, 0.28000000000000003, 0.316)
(0.30599999999999999, 0.27900000000000003, 0.316)
(0.30577777777777776, 0.27900000000000003, 0.316)
(0.30611111111111111, 0.28000000000000003, 0.316)
(0.30611111111111111, 0.28000000000000003, 0.316)
(0.30611111111111111, 0.27900000000000003, 0.316)
(0.30577777777777776, 0.27900000000000003, 0.317)
(0.30599999999999999, 0.28000000000000003, 0.317)
(0.30588888888888888, 0.27900000000000003, 0.315)
(0.30599999999999999, 0.27900000000000003, 0.317)
(0.30588888888888888, 0.27900000000000003, 0.316)
(0.30599999999999999, 0.28000000000000003, 0.316)
(0.30588888888888888, 0.28000000000000003, 0.316)
(0.30588888888888888, 0.27900000000000003, 0.316)
(0.30611111111111111, 0.27900000000000003, 0.317)
(0.30544444444444446, 0.27900000000000003, 0.315)
(0.30599999999999999, 0.28000000000000003, 0.316)
(0.30588888888888888, 0.27800000000000002, 0.316)
(0.30611111111111111, 0.27900000000000003, 0.316)
(0.30622222222222223, 0.28000000000000003, 0.315)
(0.30599999999999999, 0.28000000000000003, 0.315)
(0.30577777777777776, 0.27900000000000003, 0.316)
(0.30599999999999999, 0.27900000000000003, 0.316)
(0.30588888888888888, 0.27800000000000002, 0.317)
(0.30622222222222223, 0.27900000000000003, 0.316)
(0.30588888888888888, 0.27900000000000003, 0.316)
(0.30533333333333335, 0.27700000000000002, 0.316)
(0.30611111111111111, 0.27900000000000003, 0.315)
(0.30588888888888888, 0.27800000000000002, 0.316)
(0.30644444444444446, 0.28100000000000003, 0.317)
(0.30555555555555558, 0.27800000000000002, 0.315)
(0.30666666666666664, 0.28100000000000003, 0.316)
(0.30577777777777776, 0.28199999999999997, 0.315)
(0.30577777777777776, 0.28000000000000003, 0.316)
(0.30655555555555558, 0.28000000000000003, 0.316)
(0.30599999999999999, 0.27800000000000002, 0.315)
(0.30588888888888888, 0.27900000000000003, 0.316)
(0.30611111111111111, 0.28000000000000003, 0.316)
(0.30611111111111111, 0.28000000000000003, 0.316)
(0.30677777777777776, 0.28100000000000003, 0.317)
(0.30611111111111111, 0.28100000000000003, 0.316)
(0.30633333333333335, 0.28100000000000003, 0.316)
(0.30599999999999999, 0.28000000000000003, 0.316)
(0.30588888888888888, 0.27800000000000002, 0.315)
(0.30622222222222223, 0.28000000000000003, 0.316)
(0.30611111111111111, 0.27900000000000003, 0.316)
(0.30633333333333335, 0.28100000000000003, 0.316)
(0.30622222222222223, 0.28100000000000003, 0.316)
(0.30588888888888888, 0.27800000000000002, 0.317)
(0.30588888888888888, 0.28000000000000003, 0.315)
(0.30711111111111111, 0.28100000000000003, 0.316)
(0.30611111111111111, 0.28000000000000003, 0.317)
(0.30677777777777776, 0.28100000000000003, 0.316)
(0.30633333333333335, 0.28100000000000003, 0.316)
(0.30566666666666664, 0.27800000000000002, 0.317)
(0.30633333333333335, 0.28100000000000003, 0.317)
(0.30611111111111111, 0.28000000000000003, 0.316)
(0.30588888888888888, 0.28000000000000003, 0.316)
(0.30622222222222223, 0.28000000000000003, 0.316)
(0.30611111111111111, 0.28000000000000003, 0.316)
(0.30611111111111111, 0.27900000000000003, 0.316)
(0.30599999999999999, 0.28000000000000003, 0.316)
(0.30611111111111111, 0.28000000000000003, 0.316)
(0.30611111111111111, 0.28000000000000003, 0.316)
(0.30577777777777776, 0.28000000000000003, 0.316)
(0.30577777777777776, 0.28100000000000003, 0.315)
(0.30566666666666664, 0.28000000000000003, 0.316)
(0.30477777777777776, 0.27900000000000003, 0.315)
(0.30577777777777776, 0.28000000000000003, 0.316)
(0.30588888888888888, 0.27800000000000002, 0.316)
(0.30611111111111111, 0.28100000000000003, 0.316)
(0.30599999999999999, 0.28000000000000003, 0.317)
(0.30622222222222223, 0.28100000000000003, 0.317)
(0.30566666666666664, 0.28000000000000003, 0.315)
(0.30588888888888888, 0.28100000000000003, 0.316)
(0.30577777777777776, 0.28000000000000003, 0.315)
(0.30566666666666664, 0.28100000000000003, 0.316)
(0.30611111111111111, 0.28100000000000003, 0.316)
(0.30622222222222223, 0.28100000000000003, 0.315)
(0.30455555555555558, 0.27700000000000002, 0.314)
(0.30555555555555558, 0.28000000000000003, 0.316)
(0.30555555555555558, 0.27900000000000003, 0.315)
(0.30633333333333335, 0.28100000000000003, 0.317)
(0.30622222222222223, 0.28000000000000003, 0.315)
(0.30599999999999999, 0.28000000000000003, 0.316)
(0.30544444444444446, 0.27800000000000002, 0.314)
(0.30633333333333335, 0.28000000000000003, 0.317)
(0.30577777777777776, 0.27900000000000003, 0.316)
(0.30599999999999999, 0.28000000000000003, 0.316)
(0.30611111111111111, 0.28100000000000003, 0.316)
(0.30566666666666664, 0.27900000000000003, 0.317)
(0.30588888888888888, 0.28000000000000003, 0.316)
(0.30633333333333335, 0.28100000000000003, 0.316)
(0.30588888888888888, 0.28000000000000003, 0.315)
(0.30577777777777776, 0.28000000000000003, 0.316)
(0.30577777777777776, 0.27900000000000003, 0.316)
(0.30588888888888888, 0.28000000000000003, 0.316)
(0.30566666666666664, 0.27900000000000003, 0.314)
(0.30655555555555558, 0.28100000000000003, 0.317)
(0.30577777777777776, 0.28000000000000003, 0.315)
(0.30655555555555558, 0.28100000000000003, 0.316)
(0.30711111111111111, 0.28000000000000003, 0.317)
(0.30544444444444446, 0.27900000000000003, 0.316)
(0.30611111111111111, 0.28000000000000003, 0.316)
(0.30599999999999999, 0.28100000000000003, 0.314)
(0.30577777777777776, 0.28100000000000003, 0.315)
(0.30577777777777776, 0.27900000000000003, 0.315)
(0.30577777777777776, 0.28000000000000003, 0.314)
(0.30577777777777776, 0.27800000000000002, 0.314)
(0.30566666666666664, 0.27900000000000003, 0.314)
(0.30599999999999999, 0.28000000000000003, 0.315)
(0.30588888888888888, 0.27900000000000003, 0.314)
(0.30611111111111111, 0.28000000000000003, 0.315)
(0.30566666666666664, 0.28000000000000003, 0.314)
(0.30588888888888888, 0.28000000000000003, 0.315)
(0.30555555555555558, 0.27900000000000003, 0.314)
(0.30588888888888888, 0.28000000000000003, 0.314)
(0.30488888888888888, 0.27800000000000002, 0.314)
(0.30588888888888888, 0.27900000000000003, 0.314)
(0.30566666666666664, 0.28000000000000003, 0.315)
