0.13300000000000001, 0.111, 0.127
0.85577777777777775, 0.83799999999999997, 0.90000000000000002
0.86499999999999999, 0.85499999999999998, 0.91000000000000003
0.87, 0.86199999999999999, 0.90800000000000003
0.87422222222222223, 0.86499999999999999, 0.90900000000000003
0.87655555555555553, 0.86799999999999999, 0.91300000000000003
0.87877777777777777, 0.86799999999999999, 0.91400000000000003
0.88044444444444447, 0.86799999999999999, 0.91400000000000003
0.88200000000000001, 0.86799999999999999, 0.91300000000000003
0.88444444444444448, 0.86799999999999999, 0.91200000000000003
0.88555555555555554, 0.86799999999999999, 0.91200000000000003
0.88622222222222224, 0.86599999999999999, 0.91200000000000003
0.88666666666666671, 0.86799999999999999, 0.91300000000000003
0.88777777777777778, 0.86699999999999999, 0.91200000000000003
0.88855555555555554, 0.86799999999999999, 0.91200000000000003
0.88911111111111107, 0.86799999999999999, 0.91200000000000003
0.88966666666666672, 0.86799999999999999, 0.91200000000000003
0.89000000000000001, 0.86799999999999999, 0.91200000000000003
0.89055555555555554, 0.86799999999999999, 0.91400000000000003
0.89066666666666672, 0.86699999999999999, 0.91300000000000003
0.89133333333333331, 0.86699999999999999, 0.91300000000000003
0.89188888888888884, 0.86699999999999999, 0.91400000000000003
0.89188888888888884, 0.86799999999999999, 0.91400000000000003
0.89177777777777778, 0.86899999999999999, 0.91400000000000003
0.89255555555555555, 0.86899999999999999, 0.91500000000000004
0.89277777777777778, 0.871, 0.91500000000000004
0.89333333333333331, 0.871, 0.91500000000000004
0.89344444444444449, 0.871, 0.91500000000000004
0.89388888888888884, 0.872, 0.91700000000000004
0.89433333333333331, 0.872, 0.91800000000000004
0.89455555555555555, 0.872, 0.91700000000000004
0.89433333333333331, 0.872, 0.91700000000000004
0.89466666666666672, 0.872, 0.91700000000000004
0.89511111111111108, 0.872, 0.91700000000000004
0.89500000000000002, 0.873, 0.91700000000000004
0.89500000000000002, 0.874, 0.91700000000000004
0.89511111111111108, 0.874, 0.91700000000000004
0.89533333333333331, 0.875, 0.91700000000000004
0.89544444444444449, 0.876, 0.91700000000000004
0.89555555555555555, 0.876, 0.91700000000000004
0.89566666666666672, 0.876, 0.91700000000000004
0.89566666666666672, 0.876, 0.91700000000000004
0.89566666666666672, 0.876, 0.91700000000000004
0.89544444444444449, 0.876, 0.91600000000000004
0.89544444444444449, 0.877, 0.91600000000000004
0.89555555555555555, 0.878, 0.91500000000000004
0.89611111111111108, 0.878, 0.91500000000000004
0.89622222222222225, 0.878, 0.91500000000000004
0.89633333333333332, 0.879, 0.91500000000000004
0.89644444444444449, 0.879, 0.91500000000000004
0.89655555555555555, 0.879, 0.91600000000000004
0.89677777777777778, 0.879, 0.91600000000000004
0.89688888888888885, 0.878, 0.91600000000000004
0.89700000000000002, 0.878, 0.91600000000000004
0.89700000000000002, 0.878, 0.91500000000000004
0.89711111111111108, 0.878, 0.91500000000000004
0.89733333333333332, 0.877, 0.91500000000000004
0.89700000000000002, 0.877, 0.91500000000000004
0.89711111111111108, 0.877, 0.91500000000000004
0.89722222222222225, 0.878, 0.91500000000000004
0.89733333333333332, 0.878, 0.91500000000000004
0.89744444444444449, 0.878, 0.91400000000000003
0.89766666666666661, 0.878, 0.91400000000000003
0.89788888888888885, 0.878, 0.91400000000000003
0.89811111111111108, 0.878, 0.91400000000000003
0.89855555555555555, 0.878, 0.91400000000000003
0.89866666666666661, 0.879, 0.91400000000000003
0.89900000000000002, 0.879, 0.91400000000000003
0.89888888888888885, 0.88, 0.91400000000000003
0.89888888888888885, 0.88, 0.91400000000000003
0.89888888888888885, 0.88, 0.91400000000000003
0.89888888888888885, 0.88, 0.91400000000000003
0.89933333333333332, 0.88, 0.91500000000000004
0.89955555555555555, 0.879, 0.91500000000000004
0.89977777777777779, 0.879, 0.91500000000000004
0.89977777777777779, 0.879, 0.91500000000000004
0.89988888888888885, 0.879, 0.91500000000000004
0.90011111111111108, 0.879, 0.91500000000000004
0.90022222222222226, 0.879, 0.91500000000000004
0.90022222222222226, 0.879, 0.91500000000000004
0.90055555555555555, 0.879, 0.91500000000000004
0.90055555555555555, 0.879, 0.91500000000000004
0.90044444444444449, 0.879, 0.91500000000000004
0.90077777777777779, 0.879, 0.91500000000000004
0.90066666666666662, 0.879, 0.91500000000000004
0.90077777777777779, 0.879, 0.91500000000000004
0.90066666666666662, 0.879, 0.91500000000000004
0.90055555555555555, 0.879, 0.91500000000000004
0.90055555555555555, 0.879, 0.91500000000000004
0.90066666666666662, 0.879, 0.91500000000000004
0.90066666666666662, 0.879, 0.91500000000000004
0.90077777777777779, 0.879, 0.91500000000000004
0.90077777777777779, 0.879, 0.91500000000000004
0.90088888888888885, 0.879, 0.91500000000000004
0.90088888888888885, 0.879, 0.91400000000000003
0.90077777777777779, 0.879, 0.91400000000000003
0.90100000000000002, 0.879, 0.91400000000000003
0.90088888888888885, 0.88, 0.91300000000000003
0.90100000000000002, 0.88, 0.91300000000000003
0.90111111111111108, 0.88, 0.91300000000000003
0.90100000000000002, 0.88, 0.91300000000000003
