0.091777777777777778, 0.10299999999999999, 0.095000000000000001
0.62277777777777776, 0.59999999999999998, 0.65700000000000003
0.57122222222222219, 0.53500000000000003, 0.60199999999999998
0.5745555555555556, 0.54200000000000004, 0.60799999999999998
0.59644444444444444, 0.56599999999999995, 0.63100000000000001
0.61744444444444446, 0.58699999999999997, 0.65900000000000003
0.6323333333333333, 0.59599999999999997, 0.67200000000000004
0.64966666666666661, 0.61799999999999999, 0.68999999999999995
0.6677777777777778, 0.64100000000000001, 0.71099999999999997
0.68244444444444441, 0.65700000000000003, 0.72999999999999998
0.69811111111111113, 0.68100000000000005, 0.747
0.71477777777777773, 0.69299999999999995, 0.75600000000000001
0.72799999999999998, 0.70499999999999996, 0.77400000000000002
0.73822222222222222, 0.71999999999999997, 0.78100000000000003
0.751, 0.72999999999999998, 0.79600000000000004
0.76366666666666672, 0.74399999999999999, 0.81200000000000006
0.77244444444444449, 0.75, 0.82199999999999995
0.78222222222222226, 0.76100000000000001, 0.83099999999999996
0.79055555555555557, 0.77000000000000002, 0.84199999999999997
0.79800000000000004, 0.77400000000000002, 0.84999999999999998
0.80455555555555558, 0.78100000000000003, 0.85599999999999998
0.80877777777777782, 0.79300000000000004, 0.86299999999999999
0.81377777777777782, 0.79400000000000004, 0.86699999999999999
0.81855555555555559, 0.79700000000000004, 0.86899999999999999
0.82144444444444442, 0.79800000000000004, 0.871
0.82411111111111113, 0.80100000000000005, 0.874
0.82711111111111113, 0.80100000000000005, 0.877
0.82877777777777772, 0.80700000000000005, 0.88
0.83099999999999996, 0.80700000000000005, 0.88200000000000001
0.83366666666666667, 0.81000000000000005, 0.88100000000000001
0.83477777777777773, 0.81200000000000006, 0.88200000000000001
0.8358888888888889, 0.81399999999999995, 0.88200000000000001
0.8372222222222222, 0.81699999999999995, 0.88300000000000001
0.83788888888888891, 0.81999999999999995, 0.88300000000000001
0.83855555555555561, 0.81999999999999995, 0.88400000000000001
0.83933333333333338, 0.82099999999999995, 0.88400000000000001
0.83988888888888891, 0.82099999999999995, 0.88600000000000001
0.84044444444444444, 0.82199999999999995, 0.88500000000000001
0.84111111111111114, 0.82399999999999995, 0.88600000000000001
0.84188888888888891, 0.82499999999999996, 0.88700000000000001
0.84211111111111114, 0.82599999999999996, 0.88800000000000001
0.84244444444444444, 0.82699999999999996, 0.88900000000000001
0.84288888888888891, 0.82699999999999996, 0.89000000000000001
0.84344444444444444, 0.82699999999999996, 0.89100000000000001
0.84411111111111115, 0.82699999999999996, 0.89100000000000001
0.84477777777777774, 0.82699999999999996, 0.89200000000000002
0.84488888888888891, 0.82899999999999996, 0.89200000000000002
0.84566666666666668, 0.82899999999999996, 0.89200000000000002
0.84633333333333338, 0.82899999999999996, 0.89200000000000002
0.84699999999999998, 0.83099999999999996, 0.89300000000000002
0.84777777777777774, 0.83299999999999996, 0.89300000000000002
0.84833333333333338, 0.83399999999999996, 0.89100000000000001
0.84888888888888892, 0.83499999999999996, 0.89200000000000002
0.84888888888888892, 0.83499999999999996, 0.89200000000000002
0.84955555555555551, 0.83499999999999996, 0.89100000000000001
0.84944444444444445, 0.83499999999999996, 0.89100000000000001
0.84988888888888892, 0.83499999999999996, 0.89100000000000001
0.85011111111111115, 0.83599999999999997, 0.89100000000000001
0.85022222222222221, 0.83599999999999997, 0.89200000000000002
0.85055555555555551, 0.83599999999999997, 0.89300000000000002
0.85111111111111115, 0.83599999999999997, 0.89300000000000002
0.85155555555555551, 0.83699999999999997, 0.89300000000000002
0.85244444444444445, 0.83699999999999997, 0.89300000000000002
0.85277777777777775, 0.83699999999999997, 0.89400000000000002
0.85344444444444445, 0.83699999999999997, 0.89300000000000002
0.85399999999999998, 0.83699999999999997, 0.89300000000000002
0.85422222222222222, 0.83699999999999997, 0.89400000000000002
0.85422222222222222, 0.83699999999999997, 0.89700000000000002
0.85433333333333328, 0.83799999999999997, 0.89700000000000002
0.85433333333333328, 0.83899999999999997, 0.89700000000000002
0.85444444444444445, 0.83899999999999997, 0.89600000000000002
0.85444444444444445, 0.83899999999999997, 0.89600000000000002
0.85466666666666669, 0.83899999999999997, 0.89600000000000002
0.85488888888888892, 0.83999999999999997, 0.89600000000000002
0.85555555555555551, 0.84099999999999997, 0.89600000000000002
0.85566666666666669, 0.84099999999999997, 0.89700000000000002
0.85611111111111116, 0.84099999999999997, 0.89700000000000002
0.85622222222222222, 0.84199999999999997, 0.89700000000000002
0.85644444444444445, 0.84199999999999997, 0.89700000000000002
0.85733333333333328, 0.84199999999999997, 0.89600000000000002
0.85733333333333328, 0.84199999999999997, 0.89700000000000002
0.85755555555555552, 0.84299999999999997, 0.89700000000000002
0.85766666666666669, 0.84199999999999997, 0.89700000000000002
0.85766666666666669, 0.84299999999999997, 0.89700000000000002
0.85788888888888892, 0.84299999999999997, 0.89700000000000002
0.85799999999999998, 0.84299999999999997, 0.89700000000000002
0.85822222222222222, 0.84299999999999997, 0.89700000000000002
0.85822222222222222, 0.84299999999999997, 0.89700000000000002
0.85855555555555552, 0.84299999999999997, 0.89700000000000002
0.85855555555555552, 0.84299999999999997, 0.89700000000000002
0.85866666666666669, 0.84299999999999997, 0.89700000000000002
0.85866666666666669, 0.84399999999999997, 0.89600000000000002
0.85899999999999999, 0.84499999999999997, 0.89600000000000002
0.85933333333333328, 0.84499999999999997, 0.89600000000000002
0.85966666666666669, 0.84599999999999997, 0.89600000000000002
0.85988888888888892, 0.84599999999999997, 0.89600000000000002
0.86011111111111116, 0.84499999999999997, 0.89600000000000002
0.86022222222222222, 0.84599999999999997, 0.89600000000000002
0.86055555555555552, 0.84599999999999997, 0.89600000000000002
0.86066666666666669, 0.84599999999999997, 0.89700000000000002
0.86077777777777775, 0.84499999999999997, 0.89700000000000002
