0.065000000000000002, 0.069000000000000006, 0.051999999999999998
0.86599999999999999, 0.84799999999999998, 0.90100000000000002
0.8743333333333333, 0.85399999999999998, 0.90500000000000003
0.87755555555555553, 0.85499999999999998, 0.90500000000000003
0.88177777777777777, 0.85899999999999999, 0.90900000000000003
0.88144444444444447, 0.85999999999999999, 0.90700000000000003
0.88222222222222224, 0.85999999999999999, 0.90500000000000003
0.8823333333333333, 0.86099999999999999, 0.90400000000000003
0.88222222222222224, 0.86099999999999999, 0.90200000000000002
0.88411111111111107, 0.85999999999999999, 0.90200000000000002
0.88511111111111107, 0.85899999999999999, 0.90500000000000003
0.88588888888888884, 0.86099999999999999, 0.90400000000000003
0.88700000000000001, 0.85999999999999999, 0.90600000000000003
0.88777777777777778, 0.85999999999999999, 0.90600000000000003
0.88811111111111107, 0.85999999999999999, 0.90600000000000003
0.88922222222222225, 0.86099999999999999, 0.90800000000000003
0.89011111111111108, 0.86199999999999999, 0.90700000000000003
0.89044444444444448, 0.86199999999999999, 0.90700000000000003
0.89088888888888884, 0.86499999999999999, 0.90800000000000003
0.89144444444444448, 0.86599999999999999, 0.90800000000000003
0.89188888888888884, 0.86599999999999999, 0.90700000000000003
0.89233333333333331, 0.86899999999999999, 0.90900000000000003
0.89177777777777778, 0.86799999999999999, 0.90900000000000003
0.89255555555555555, 0.86799999999999999, 0.91000000000000003
0.89277777777777778, 0.87, 0.91000000000000003
0.89233333333333331, 0.86799999999999999, 0.90900000000000003
0.89211111111111108, 0.86799999999999999, 0.90800000000000003
0.89200000000000002, 0.86899999999999999, 0.90800000000000003
0.89233333333333331, 0.86799999999999999, 0.90900000000000003
0.89233333333333331, 0.86799999999999999, 0.90900000000000003
0.89255555555555555, 0.86699999999999999, 0.90800000000000003
0.89277777777777778, 0.86499999999999999, 0.90800000000000003
0.89266666666666672, 0.86599999999999999, 0.90800000000000003
0.89266666666666672, 0.86599999999999999, 0.90800000000000003
0.89277777777777778, 0.86599999999999999, 0.90800000000000003
0.89266666666666672, 0.86499999999999999, 0.90800000000000003
0.89222222222222225, 0.86499999999999999, 0.90800000000000003
0.89188888888888884, 0.86499999999999999, 0.90900000000000003
0.89200000000000002, 0.86499999999999999, 0.90900000000000003
0.89200000000000002, 0.86599999999999999, 0.90900000000000003
0.89200000000000002, 0.86599999999999999, 0.90900000000000003
0.89233333333333331, 0.86699999999999999, 0.90900000000000003
0.89244444444444448, 0.86599999999999999, 0.90800000000000003
0.89266666666666672, 0.86799999999999999, 0.90900000000000003
0.89300000000000002, 0.86799999999999999, 0.90900000000000003
0.89311111111111108, 0.87, 0.90900000000000003
0.89333333333333331, 0.87, 0.91000000000000003
0.89333333333333331, 0.871, 0.91100000000000003
0.89333333333333331, 0.872, 0.91100000000000003
0.89344444444444449, 0.872, 0.91100000000000003
0.89344444444444449, 0.871, 0.91200000000000003
0.89355555555555555, 0.872, 0.91100000000000003
0.89400000000000002, 0.872, 0.91100000000000003
0.89455555555555555, 0.872, 0.91100000000000003
0.89466666666666672, 0.872, 0.91100000000000003
0.89500000000000002, 0.874, 0.91100000000000003
0.89533333333333331, 0.873, 0.91100000000000003
0.89566666666666672, 0.873, 0.91100000000000003
0.89600000000000002, 0.872, 0.91100000000000003
0.89600000000000002, 0.872, 0.91100000000000003
0.89611111111111108, 0.872, 0.91100000000000003
0.89633333333333332, 0.873, 0.91100000000000003
0.89600000000000002, 0.873, 0.91100000000000003
0.89600000000000002, 0.873, 0.91100000000000003
0.89600000000000002, 0.873, 0.91100000000000003
0.89611111111111108, 0.874, 0.91100000000000003
0.89600000000000002, 0.875, 0.91100000000000003
0.89611111111111108, 0.876, 0.91100000000000003
0.89622222222222225, 0.876, 0.91100000000000003
0.89600000000000002, 0.877, 0.91100000000000003
0.89577777777777778, 0.877, 0.91100000000000003
0.89577777777777778, 0.876, 0.91200000000000003
0.89600000000000002, 0.878, 0.91200000000000003
0.89622222222222225, 0.878, 0.91100000000000003
0.89633333333333332, 0.879, 0.91100000000000003
0.89644444444444449, 0.88, 0.91000000000000003
0.89666666666666661, 0.879, 0.90900000000000003
0.89688888888888885, 0.88, 0.90900000000000003
0.89688888888888885, 0.88, 0.91000000000000003
0.89700000000000002, 0.88, 0.91000000000000003
0.89700000000000002, 0.878, 0.91000000000000003
0.89688888888888885, 0.878, 0.91000000000000003
0.89677777777777778, 0.878, 0.90900000000000003
0.89688888888888885, 0.878, 0.91000000000000003
0.89688888888888885, 0.878, 0.91100000000000003
0.89677777777777778, 0.877, 0.91100000000000003
0.89700000000000002, 0.877, 0.91100000000000003
0.89666666666666661, 0.877, 0.91000000000000003
0.89677777777777778, 0.877, 0.91000000000000003
0.89688888888888885, 0.878, 0.91000000000000003
0.89666666666666661, 0.878, 0.90900000000000003
0.89688888888888885, 0.878, 0.90800000000000003
0.89666666666666661, 0.878, 0.90800000000000003
0.89688888888888885, 0.879, 0.90700000000000003
0.89711111111111108, 0.878, 0.90700000000000003
0.89744444444444449, 0.877, 0.90700000000000003
0.89755555555555555, 0.877, 0.90700000000000003
0.89755555555555555, 0.877, 0.90700000000000003
0.89755555555555555, 0.877, 0.90600000000000003
0.89777777777777779, 0.877, 0.90600000000000003
0.89766666666666661, 0.877, 0.90600000000000003
