0.061555555555555558, 0.057000000000000002, 0.035999999999999997
0.69722222222222219, 0.67100000000000004, 0.74299999999999999
0.80344444444444441, 0.78100000000000003, 0.85699999999999998
0.8342222222222222, 0.81399999999999995, 0.88300000000000001
0.84166666666666667, 0.82299999999999995, 0.89000000000000001
0.84688888888888891, 0.82899999999999996, 0.89200000000000002
0.85122222222222221, 0.83499999999999996, 0.89300000000000002
0.85288888888888892, 0.83999999999999997, 0.89400000000000002
0.85544444444444445, 0.83899999999999997, 0.89600000000000002
0.85799999999999998, 0.83999999999999997, 0.89700000000000002
0.85933333333333328, 0.84299999999999997, 0.89800000000000002
0.86188888888888893, 0.84499999999999997, 0.90000000000000002
0.86344444444444446, 0.84699999999999998, 0.90100000000000002
0.86444444444444446, 0.84699999999999998, 0.90400000000000003
0.86611111111111116, 0.84899999999999998, 0.90900000000000003
0.86722222222222223, 0.85099999999999998, 0.90900000000000003
0.86822222222222223, 0.85199999999999998, 0.91000000000000003
0.86877777777777776, 0.85299999999999998, 0.91200000000000003
0.86955555555555553, 0.85499999999999998, 0.91200000000000003
0.87011111111111106, 0.85699999999999998, 0.91100000000000003
0.87077777777777776, 0.85699999999999998, 0.91100000000000003
0.87111111111111106, 0.85599999999999998, 0.91000000000000003
0.87188888888888894, 0.85499999999999998, 0.91000000000000003
0.87277777777777776, 0.85599999999999998, 0.91000000000000003
0.8736666666666667, 0.85599999999999998, 0.91100000000000003
0.874, 0.85699999999999998, 0.91100000000000003
0.8743333333333333, 0.85699999999999998, 0.91000000000000003
0.87522222222222223, 0.85899999999999999, 0.91000000000000003
0.87522222222222223, 0.85999999999999999, 0.91100000000000003
0.8756666666666667, 0.85999999999999999, 0.91200000000000003
0.87611111111111106, 0.85999999999999999, 0.91300000000000003
0.87588888888888894, 0.85899999999999999, 0.91300000000000003
0.8763333333333333, 0.85899999999999999, 0.91300000000000003
0.87666666666666671, 0.85899999999999999, 0.91200000000000003
0.877, 0.85899999999999999, 0.91200000000000003
0.87711111111111106, 0.85899999999999999, 0.91200000000000003
0.87777777777777777, 0.85999999999999999, 0.91200000000000003
0.87766666666666671, 0.85999999999999999, 0.91200000000000003
0.87755555555555553, 0.85999999999999999, 0.91200000000000003
0.87811111111111106, 0.86099999999999999, 0.91200000000000003
0.87844444444444447, 0.86199999999999999, 0.91300000000000003
0.87866666666666671, 0.86199999999999999, 0.91300000000000003
0.87888888888888894, 0.86199999999999999, 0.91200000000000003
0.879, 0.86199999999999999, 0.91300000000000003
0.87944444444444447, 0.86199999999999999, 0.91400000000000003
0.87988888888888894, 0.86199999999999999, 0.91400000000000003
0.87988888888888894, 0.86199999999999999, 0.91400000000000003
0.88011111111111107, 0.86299999999999999, 0.91400000000000003
0.88, 0.86199999999999999, 0.91300000000000003
0.8803333333333333, 0.86299999999999999, 0.91300000000000003
0.88055555555555554, 0.86299999999999999, 0.91300000000000003
0.88077777777777777, 0.86199999999999999, 0.91300000000000003
0.88077777777777777, 0.86199999999999999, 0.91300000000000003
0.8813333333333333, 0.86199999999999999, 0.91300000000000003
0.8813333333333333, 0.86199999999999999, 0.91300000000000003
0.88155555555555554, 0.86199999999999999, 0.91300000000000003
0.88200000000000001, 0.86299999999999999, 0.91300000000000003
0.88244444444444448, 0.86399999999999999, 0.91400000000000003
0.88288888888888883, 0.86399999999999999, 0.91400000000000003
0.88288888888888883, 0.86399999999999999, 0.91400000000000003
0.88311111111111107, 0.86399999999999999, 0.91400000000000003
0.88366666666666671, 0.86499999999999999, 0.91500000000000004
0.88400000000000001, 0.86499999999999999, 0.91600000000000004
0.88400000000000001, 0.86499999999999999, 0.91600000000000004
0.88411111111111107, 0.86499999999999999, 0.91600000000000004
0.88411111111111107, 0.86499999999999999, 0.91600000000000004
0.8843333333333333, 0.86499999999999999, 0.91600000000000004
0.88477777777777777, 0.86399999999999999, 0.91700000000000004
0.88477777777777777, 0.86399999999999999, 0.91600000000000004
0.88500000000000001, 0.86399999999999999, 0.91600000000000004
0.88544444444444448, 0.86399999999999999, 0.91600000000000004
0.88555555555555554, 0.86399999999999999, 0.91600000000000004
0.88588888888888884, 0.86399999999999999, 0.91600000000000004
0.88611111111111107, 0.86499999999999999, 0.91600000000000004
0.88655555555555554, 0.86399999999999999, 0.91600000000000004
0.88655555555555554, 0.86399999999999999, 0.91600000000000004
0.88677777777777778, 0.86399999999999999, 0.91600000000000004
0.88666666666666671, 0.86399999999999999, 0.91600000000000004
0.88666666666666671, 0.86399999999999999, 0.91600000000000004
0.88688888888888884, 0.86399999999999999, 0.91600000000000004
0.88688888888888884, 0.86399999999999999, 0.91600000000000004
0.88711111111111107, 0.86399999999999999, 0.91600000000000004
0.88755555555555554, 0.86399999999999999, 0.91600000000000004
0.88766666666666671, 0.86399999999999999, 0.91600000000000004
0.88777777777777778, 0.86399999999999999, 0.91600000000000004
0.88777777777777778, 0.86399999999999999, 0.91600000000000004
0.88777777777777778, 0.86399999999999999, 0.91600000000000004
0.88777777777777778, 0.86399999999999999, 0.91600000000000004
0.88800000000000001, 0.86399999999999999, 0.91600000000000004
0.88822222222222225, 0.86399999999999999, 0.91600000000000004
0.88822222222222225, 0.86399999999999999, 0.91600000000000004
0.88800000000000001, 0.86399999999999999, 0.91600000000000004
0.88822222222222225, 0.86399999999999999, 0.91600000000000004
0.88822222222222225, 0.86399999999999999, 0.91600000000000004
0.88833333333333331, 0.86399999999999999, 0.91600000000000004
0.88888888888888884, 0.86399999999999999, 0.91600000000000004
0.88911111111111107, 0.86499999999999999, 0.91600000000000004
0.88900000000000001, 0.86499999999999999, 0.91600000000000004
0.88922222222222225, 0.86499999999999999, 0.91600000000000004
0.88944444444444448, 0.86499999999999999, 0.91600000000000004
0.88933333333333331, 0.86499999999999999, 0.91600000000000004
