0.10177777777777777, 0.114, 0.104
0.11444444444444445, 0.089999999999999997, 0.11700000000000001
0.11444444444444445, 0.089999999999999997, 0.11700000000000001
0.11444444444444445, 0.089999999999999997, 0.11700000000000001
0.11444444444444445, 0.089999999999999997, 0.11700000000000001
0.11444444444444445, 0.089999999999999997, 0.11700000000000001
0.11444444444444445, 0.089999999999999997, 0.11700000000000001
0.16677777777777777, 0.14999999999999999, 0.182
0.2098888888888889, 0.192, 0.21099999999999999
0.21211111111111111, 0.19400000000000001, 0.21199999999999999
0.21244444444444444, 0.19400000000000001, 0.21199999999999999
0.23699999999999999, 0.218, 0.247
0.32500000000000001, 0.307, 0.33500000000000002
0.37655555555555553, 0.372, 0.40200000000000002
0.42822222222222223, 0.41399999999999998, 0.45100000000000001
0.50155555555555553, 0.46100000000000002, 0.52400000000000002
0.56011111111111112, 0.51300000000000001, 0.59999999999999998
0.60877777777777775, 0.56399999999999995, 0.64600000000000002
0.64411111111111108, 0.60499999999999998, 0.68100000000000005
0.66344444444444439, 0.626, 0.70299999999999996
0.68133333333333335, 0.63700000000000001, 0.71199999999999997
0.69888888888888889, 0.65700000000000003, 0.72699999999999998
0.71266666666666667, 0.67200000000000004, 0.73499999999999999
0.72811111111111115, 0.68300000000000005, 0.75
0.74122222222222223, 0.69699999999999995, 0.76300000000000001
0.75555555555555554, 0.71199999999999997, 0.77800000000000002
0.77277777777777779, 0.73099999999999998, 0.80000000000000004
0.78988888888888886, 0.74099999999999999, 0.82299999999999995
0.80333333333333334, 0.76100000000000001, 0.83799999999999997
0.81622222222222218, 0.78600000000000003, 0.85399999999999998
0.82544444444444443, 0.80400000000000005, 0.86599999999999999
0.83555555555555561, 0.81499999999999995, 0.875
0.84288888888888891, 0.82399999999999995, 0.88200000000000001
0.84955555555555551, 0.82599999999999996, 0.88400000000000001
0.85355555555555551, 0.83399999999999996, 0.88900000000000001
0.85822222222222222, 0.83899999999999997, 0.89700000000000002
0.86255555555555552, 0.84099999999999997, 0.89800000000000002
0.86677777777777776, 0.84499999999999997, 0.90400000000000003
0.87011111111111106, 0.84999999999999998, 0.90400000000000003
0.87222222222222223, 0.85399999999999998, 0.90500000000000003
0.8736666666666667, 0.85499999999999998, 0.90400000000000003
0.87688888888888894, 0.85599999999999998, 0.90300000000000002
0.87877777777777777, 0.85899999999999999, 0.90600000000000003
0.88088888888888894, 0.85999999999999999, 0.90800000000000003
0.88377777777777777, 0.85999999999999999, 0.91000000000000003
0.88500000000000001, 0.86199999999999999, 0.91400000000000003
0.88555555555555554, 0.86199999999999999, 0.91500000000000004
0.88611111111111107, 0.86299999999999999, 0.91600000000000004
0.88677777777777778, 0.86299999999999999, 0.91700000000000004
0.88733333333333331, 0.86399999999999999, 0.91700000000000004
0.88822222222222225, 0.86599999999999999, 0.91700000000000004
0.88944444444444448, 0.86799999999999999, 0.91900000000000004
0.89044444444444448, 0.86899999999999999, 0.91900000000000004
0.89066666666666672, 0.87, 0.92000000000000004
0.89166666666666672, 0.86899999999999999, 0.92100000000000004
0.89222222222222225, 0.86899999999999999, 0.92100000000000004
0.89311111111111108, 0.87, 0.92200000000000004
0.89400000000000002, 0.87, 0.92500000000000004
0.89455555555555555, 0.872, 0.92500000000000004
0.89544444444444449, 0.872, 0.92600000000000005
0.89577777777777778, 0.873, 0.92600000000000005
0.89622222222222225, 0.873, 0.92600000000000005
0.89666666666666661, 0.875, 0.92600000000000005
0.89700000000000002, 0.876, 0.92600000000000005
0.89722222222222225, 0.877, 0.92700000000000005
0.89822222222222226, 0.877, 0.92700000000000005
0.89844444444444449, 0.877, 0.92600000000000005
0.89900000000000002, 0.877, 0.92600000000000005
0.89955555555555555, 0.876, 0.92600000000000005
0.90011111111111108, 0.875, 0.92600000000000005
0.90044444444444449, 0.877, 0.92600000000000005
0.90111111111111108, 0.877, 0.92600000000000005
0.90155555555555555, 0.877, 0.92600000000000005
0.90200000000000002, 0.877, 0.92800000000000005
0.90211111111111109, 0.874, 0.92800000000000005
0.90244444444444449, 0.874, 0.92800000000000005
0.90288888888888885, 0.876, 0.92800000000000005
0.90377777777777779, 0.876, 0.92900000000000005
0.90411111111111109, 0.876, 0.93000000000000005
0.90455555555555556, 0.877, 0.93000000000000005
0.90500000000000003, 0.877, 0.93100000000000005
0.90511111111111109, 0.878, 0.93100000000000005
0.90522222222222226, 0.878, 0.93100000000000005
0.90577777777777779, 0.879, 0.93100000000000005
0.90611111111111109, 0.879, 0.93100000000000005
0.90666666666666662, 0.878, 0.93100000000000005
0.90711111111111109, 0.878, 0.93100000000000005
0.90755555555555556, 0.879, 0.93100000000000005
0.90811111111111109, 0.879, 0.93100000000000005
0.90833333333333333, 0.879, 0.93200000000000005
0.9084444444444445, 0.879, 0.93200000000000005
0.90866666666666662, 0.88, 0.93200000000000005
0.90933333333333333, 0.88, 0.93200000000000005
0.90966666666666662, 0.88100000000000001, 0.93200000000000005
0.91000000000000003, 0.88100000000000001, 0.93200000000000005
0.91011111111111109, 0.88100000000000001, 0.93200000000000005
0.91033333333333333, 0.88100000000000001, 0.93200000000000005
0.91022222222222227, 0.88200000000000001, 0.93200000000000005
0.91055555555555556, 0.88300000000000001, 0.93200000000000005
0.91100000000000003, 0.88400000000000001, 0.93200000000000005
0.91100000000000003, 0.88400000000000001, 0.93200000000000005
