0.09955555555555555, 0.099000000000000005, 0.085999999999999993
0.20955555555555555, 0.191, 0.20799999999999999
0.38422222222222224, 0.35399999999999998, 0.38500000000000001
0.44444444444444442, 0.41299999999999998, 0.46100000000000002
0.57299999999999995, 0.54600000000000004, 0.57299999999999995
0.64055555555555554, 0.625, 0.64100000000000001
0.61222222222222222, 0.58799999999999997, 0.60699999999999998
0.70411111111111113, 0.68100000000000005, 0.72799999999999998
0.76711111111111108, 0.74399999999999999, 0.78400000000000003
0.75388888888888894, 0.71699999999999997, 0.78500000000000003
0.80122222222222217, 0.76000000000000001, 0.81000000000000005
0.80888888888888888, 0.76900000000000002, 0.81699999999999995
0.81777777777777783, 0.77700000000000002, 0.82099999999999995
0.82811111111111113, 0.80000000000000004, 0.85399999999999998
0.83233333333333337, 0.79400000000000004, 0.83599999999999997
0.82299999999999995, 0.77900000000000003, 0.84099999999999997
0.85644444444444445, 0.82599999999999996, 0.86699999999999999
0.84133333333333338, 0.81100000000000005, 0.85499999999999998
0.82977777777777773, 0.81799999999999995, 0.84399999999999997
0.8425555555555555, 0.81599999999999995, 0.86099999999999999
0.84888888888888892, 0.82399999999999995, 0.85699999999999998
0.84077777777777774, 0.81599999999999995, 0.84999999999999998
0.84399999999999997, 0.82199999999999995, 0.86199999999999999
0.85511111111111116, 0.82799999999999996, 0.87
0.83988888888888891, 0.80400000000000005, 0.85599999999999998
0.85733333333333328, 0.82599999999999996, 0.86899999999999999
0.84044444444444444, 0.81599999999999995, 0.872
0.86066666666666669, 0.84099999999999997, 0.875
0.86755555555555552, 0.83399999999999996, 0.877
0.85411111111111115, 0.81899999999999995, 0.85899999999999999
0.86744444444444446, 0.84299999999999997, 0.876
0.85333333333333339, 0.82599999999999996, 0.85799999999999998
0.86777777777777776, 0.84999999999999998, 0.86799999999999999
0.86655555555555552, 0.83699999999999997, 0.878
0.86755555555555552, 0.83499999999999996, 0.878
0.85555555555555551, 0.82099999999999995, 0.85499999999999998
0.86522222222222223, 0.83699999999999997, 0.87
0.85133333333333339, 0.82599999999999996, 0.85699999999999998
0.86744444444444446, 0.83899999999999997, 0.86799999999999999
0.86377777777777776, 0.83799999999999997, 0.86899999999999999
0.86555555555555552, 0.83399999999999996, 0.875
0.86266666666666669, 0.83699999999999997, 0.878
0.86288888888888893, 0.83799999999999997, 0.86199999999999999
0.86799999999999999, 0.83999999999999997, 0.86499999999999999
0.86833333333333329, 0.84399999999999997, 0.86899999999999999
0.8736666666666667, 0.83999999999999997, 0.873
0.87355555555555553, 0.84599999999999997, 0.86899999999999999
0.86633333333333329, 0.85099999999999998, 0.878
0.85977777777777775, 0.82699999999999996, 0.871
0.86111111111111116, 0.83399999999999996, 0.86699999999999999
0.87122222222222223, 0.84799999999999998, 0.879
0.86399999999999999, 0.83899999999999997, 0.86699999999999999
0.86422222222222222, 0.84099999999999997, 0.872
0.87944444444444447, 0.85799999999999998, 0.875
0.85088888888888892, 0.82099999999999995, 0.85699999999999998
0.86111111111111116, 0.82999999999999996, 0.86199999999999999
0.86755555555555552, 0.84499999999999997, 0.86799999999999999
0.86933333333333329, 0.84099999999999997, 0.873
0.88055555555555554, 0.85599999999999998, 0.88
0.86544444444444446, 0.84199999999999997, 0.86699999999999999
0.88244444444444448, 0.84899999999999998, 0.88300000000000001
0.88288888888888883, 0.84699999999999998, 0.89000000000000001
0.86055555555555552, 0.82199999999999995, 0.86599999999999999
0.87077777777777776, 0.83299999999999996, 0.871
0.87755555555555553, 0.84499999999999997, 0.88300000000000001
0.88344444444444448, 0.84799999999999998, 0.88200000000000001
0.87866666666666671, 0.84999999999999998, 0.877
0.87222222222222223, 0.83999999999999997, 0.877
0.88, 0.84299999999999997, 0.872
0.87944444444444447, 0.84499999999999997, 0.878
0.88355555555555554, 0.84899999999999998, 0.88400000000000001
0.87377777777777776, 0.84299999999999997, 0.88600000000000001
0.88377777777777777, 0.84899999999999998, 0.88200000000000001
0.88622222222222224, 0.84399999999999997, 0.88200000000000001
0.87888888888888894, 0.83399999999999996, 0.872
0.87822222222222224, 0.83599999999999997, 0.88
0.88500000000000001, 0.84499999999999997, 0.88900000000000001
0.879, 0.84599999999999997, 0.88300000000000001
0.88277777777777777, 0.84699999999999998, 0.88700000000000001
0.87055555555555553, 0.82999999999999996, 0.86699999999999999
0.88188888888888894, 0.85299999999999998, 0.878
0.88022222222222224, 0.83899999999999997, 0.875
0.88511111111111107, 0.84999999999999998, 0.88
0.88511111111111107, 0.85299999999999998, 0.88100000000000001
0.87922222222222224, 0.84499999999999997, 0.88100000000000001
0.88044444444444447, 0.85399999999999998, 0.88
0.88088888888888894, 0.85599999999999998, 0.88300000000000001
0.88755555555555554, 0.84999999999999998, 0.88100000000000001
0.87555555555555553, 0.84299999999999997, 0.88300000000000001
0.87877777777777777, 0.84499999999999997, 0.88500000000000001
0.88944444444444448, 0.85699999999999998, 0.89200000000000002
0.88411111111111107, 0.85199999999999998, 0.88300000000000001
0.89111111111111108, 0.86299999999999999, 0.89000000000000001
0.8833333333333333, 0.85399999999999998, 0.875
0.88755555555555554, 0.85299999999999998, 0.88800000000000001
0.88244444444444448, 0.85299999999999998, 0.88200000000000001
0.88122222222222224, 0.85399999999999998, 0.88200000000000001
0.88977777777777778, 0.85199999999999998, 0.88800000000000001
0.89077777777777778, 0.84999999999999998, 0.88100000000000001
0.88944444444444448, 0.85799999999999998, 0.88600000000000001
0.88977777777777778, 0.85199999999999998, 0.88900000000000001
