0.098111111111111107, 0.106, 0.086999999999999994
0.11444444444444445, 0.089999999999999997, 0.11700000000000001
0.11444444444444445, 0.089999999999999997, 0.11700000000000001
0.11444444444444445, 0.089999999999999997, 0.11700000000000001
0.11444444444444445, 0.089999999999999997, 0.11700000000000001
0.11444444444444445, 0.089999999999999997, 0.11700000000000001
0.11444444444444445, 0.089999999999999997, 0.11700000000000001
0.11444444444444445, 0.089999999999999997, 0.11700000000000001
0.11444444444444445, 0.089999999999999997, 0.11700000000000001
0.11444444444444445, 0.089999999999999997, 0.11700000000000001
0.11444444444444445, 0.089999999999999997, 0.11700000000000001
0.11444444444444445, 0.089999999999999997, 0.11700000000000001
0.11444444444444445, 0.089999999999999997, 0.11700000000000001
0.11444444444444445, 0.089999999999999997, 0.11700000000000001
0.11444444444444445, 0.089999999999999997, 0.11700000000000001
0.11444444444444445, 0.089999999999999997, 0.11700000000000001
0.11444444444444445, 0.089999999999999997, 0.11700000000000001
0.11444444444444445, 0.089999999999999997, 0.11700000000000001
0.11444444444444445, 0.089999999999999997, 0.11700000000000001
0.11444444444444445, 0.089999999999999997, 0.11700000000000001
0.11444444444444445, 0.089999999999999997, 0.11700000000000001
0.11444444444444445, 0.089999999999999997, 0.11700000000000001
0.11444444444444445, 0.089999999999999997, 0.11700000000000001
0.11444444444444445, 0.089999999999999997, 0.11700000000000001
0.11444444444444445, 0.089999999999999997, 0.11700000000000001
0.11444444444444445, 0.089999999999999997, 0.11700000000000001
0.11444444444444445, 0.089999999999999997, 0.11700000000000001
0.11444444444444445, 0.089999999999999997, 0.11700000000000001
0.11444444444444445, 0.089999999999999997, 0.11700000000000001
0.11444444444444445, 0.089999999999999997, 0.11700000000000001
0.11444444444444445, 0.089999999999999997, 0.11700000000000001
0.11444444444444445, 0.089999999999999997, 0.11700000000000001
0.11444444444444445, 0.089999999999999997, 0.11700000000000001
0.11444444444444445, 0.089999999999999997, 0.11700000000000001
0.11444444444444445, 0.089999999999999997, 0.11700000000000001
0.11444444444444445, 0.089999999999999997, 0.11700000000000001
0.11444444444444445, 0.089999999999999997, 0.11700000000000001
0.11444444444444445, 0.089999999999999997, 0.11700000000000001
0.11444444444444445, 0.089999999999999997, 0.11700000000000001
0.11444444444444445, 0.089999999999999997, 0.11700000000000001
0.11444444444444445, 0.089999999999999997, 0.11700000000000001
0.11444444444444445, 0.089999999999999997, 0.11700000000000001
0.11444444444444445, 0.089999999999999997, 0.11700000000000001
0.11444444444444445, 0.089999999999999997, 0.11700000000000001
0.11444444444444445, 0.089999999999999997, 0.11700000000000001
0.11444444444444445, 0.089999999999999997, 0.11700000000000001
0.11444444444444445, 0.089999999999999997, 0.11700000000000001
0.11444444444444445, 0.089999999999999997, 0.11700000000000001
0.11444444444444445, 0.089999999999999997, 0.11700000000000001
0.11444444444444445, 0.089999999999999997, 0.11700000000000001
0.11444444444444445, 0.089999999999999997, 0.11700000000000001
0.11444444444444445, 0.089999999999999997, 0.11700000000000001
0.11444444444444445, 0.089999999999999997, 0.11700000000000001
0.11444444444444445, 0.089999999999999997, 0.11700000000000001
0.11444444444444445, 0.089999999999999997, 0.11700000000000001
0.11444444444444445, 0.089999999999999997, 0.11700000000000001
0.11444444444444445, 0.089999999999999997, 0.11700000000000001
0.11444444444444445, 0.089999999999999997, 0.11700000000000001
0.11444444444444445, 0.089999999999999997, 0.11700000000000001
0.11444444444444445, 0.089999999999999997, 0.11700000000000001
0.11444444444444445, 0.089999999999999997, 0.11700000000000001
0.11444444444444445, 0.089999999999999997, 0.11700000000000001
0.11444444444444445, 0.089999999999999997, 0.11700000000000001
0.11444444444444445, 0.089999999999999997, 0.11700000000000001
0.11444444444444445, 0.089999999999999997, 0.11700000000000001
0.11477777777777778, 0.089999999999999997, 0.11899999999999999
0.11744444444444445, 0.095000000000000001, 0.125
0.126, 0.104, 0.14000000000000001
0.14077777777777778, 0.111, 0.16
0.155, 0.13, 0.17000000000000001
0.16866666666666666, 0.151, 0.182
0.18055555555555555, 0.16400000000000001, 0.192
0.188, 0.17399999999999999, 0.20000000000000001
0.19355555555555556, 0.184, 0.20499999999999999
0.19766666666666666, 0.186, 0.20599999999999999
0.20166666666666666, 0.186, 0.20599999999999999
0.2041111111111111, 0.187, 0.20999999999999999
0.20644444444444446, 0.189, 0.20999999999999999
0.20733333333333334, 0.19, 0.20999999999999999
0.20822222222222223, 0.191, 0.21199999999999999
0.20933333333333334, 0.192, 0.21199999999999999
0.20955555555555555, 0.192, 0.21199999999999999
0.21022222222222223, 0.192, 0.21199999999999999
0.21033333333333334, 0.193, 0.21199999999999999
0.21066666666666667, 0.193, 0.21199999999999999
0.21088888888888888, 0.193, 0.21199999999999999
0.21144444444444443, 0.193, 0.21199999999999999
0.21155555555555555, 0.193, 0.21199999999999999
0.21155555555555555, 0.193, 0.21199999999999999
0.21166666666666667, 0.193, 0.21199999999999999
0.21166666666666667, 0.193, 0.21199999999999999
0.21177777777777779, 0.193, 0.21199999999999999
0.21177777777777779, 0.193, 0.21199999999999999
0.21188888888888888, 0.193, 0.21199999999999999
0.21188888888888888, 0.193, 0.21199999999999999
0.21188888888888888, 0.193, 0.21199999999999999
0.21211111111111111, 0.193, 0.21199999999999999
0.21222222222222223, 0.193, 0.21199999999999999
0.21222222222222223, 0.19400000000000001, 0.21199999999999999
0.21222222222222223, 0.19400000000000001, 0.21199999999999999
0.21222222222222223, 0.19400000000000001, 0.21199999999999999
