0.11422222222222222, 0.094, 0.12
0.24355555555555555, 0.22600000000000001, 0.248
0.62966666666666671, 0.58699999999999997, 0.67200000000000004
0.78500000000000003, 0.75, 0.81799999999999995
0.85999999999999999, 0.84599999999999997, 0.89300000000000002
0.87844444444444447, 0.86899999999999999, 0.90400000000000003
0.88788888888888884, 0.86799999999999999, 0.91300000000000003
0.89433333333333331, 0.873, 0.91600000000000004
0.89900000000000002, 0.879, 0.91900000000000004
0.90233333333333332, 0.88, 0.91900000000000004
0.90433333333333332, 0.879, 0.92300000000000004
0.9064444444444445, 0.88, 0.92600000000000005
0.90788888888888886, 0.88200000000000001, 0.92800000000000005
0.91022222222222227, 0.88300000000000001, 0.92800000000000005
0.91188888888888886, 0.88500000000000001, 0.93000000000000005
0.9131111111111111, 0.88800000000000001, 0.93200000000000005
0.9137777777777778, 0.88800000000000001, 0.93300000000000005
0.91544444444444439, 0.89000000000000001, 0.93400000000000005
0.91688888888888886, 0.89300000000000002, 0.93400000000000005
0.9181111111111111, 0.89400000000000002, 0.93300000000000005
0.91888888888888887, 0.89500000000000002, 0.93200000000000005
0.9194444444444444, 0.89700000000000002, 0.93400000000000005
0.9204444444444444, 0.89800000000000002, 0.93300000000000005
0.9211111111111111, 0.89800000000000002, 0.93500000000000005
0.92155555555555557, 0.89900000000000002, 0.93600000000000005
0.9224444444444444, 0.90000000000000002, 0.93500000000000005
0.92366666666666664, 0.90000000000000002, 0.93500000000000005
0.92400000000000004, 0.90100000000000002, 0.93600000000000005
0.92522222222222217, 0.90200000000000002, 0.93899999999999995
0.92611111111111111, 0.90200000000000002, 0.93999999999999995
0.92677777777777781, 0.90300000000000002, 0.93999999999999995
0.92766666666666664, 0.90400000000000003, 0.94099999999999995
0.92833333333333334, 0.90500000000000003, 0.94099999999999995
0.92877777777777781, 0.90500000000000003, 0.93999999999999995
0.92944444444444441, 0.90700000000000003, 0.93999999999999995
0.93022222222222217, 0.90700000000000003, 0.94099999999999995
0.93033333333333335, 0.90700000000000003, 0.94099999999999995
0.93077777777777781, 0.90700000000000003, 0.94199999999999995
0.93100000000000005, 0.90700000000000003, 0.94099999999999995
0.93155555555555558, 0.90700000000000003, 0.94099999999999995
0.93188888888888888, 0.90800000000000003, 0.94099999999999995
0.93211111111111111, 0.90900000000000003, 0.94099999999999995
0.93222222222222217, 0.90900000000000003, 0.93999999999999995
0.93322222222222218, 0.90900000000000003, 0.93899999999999995
0.93333333333333335, 0.90900000000000003, 0.93899999999999995
0.93366666666666664, 0.90900000000000003, 0.93999999999999995
0.93466666666666665, 0.90900000000000003, 0.93999999999999995
0.93477777777777782, 0.91100000000000003, 0.93999999999999995
0.93544444444444441, 0.91100000000000003, 0.94099999999999995
0.93566666666666665, 0.91100000000000003, 0.94099999999999995
0.93622222222222218, 0.91100000000000003, 0.94099999999999995
0.93711111111111112, 0.91100000000000003, 0.94099999999999995
0.93799999999999994, 0.91300000000000003, 0.94099999999999995
0.93844444444444441, 0.91200000000000003, 0.94099999999999995
0.93877777777777782, 0.91200000000000003, 0.94099999999999995
0.93877777777777782, 0.91200000000000003, 0.94099999999999995
0.93911111111111112, 0.91300000000000003, 0.94199999999999995
0.93955555555555559, 0.91400000000000003, 0.94199999999999995
0.93999999999999995, 0.91400000000000003, 0.94299999999999995
0.94011111111111112, 0.91500000000000004, 0.94299999999999995
0.94044444444444442, 0.91500000000000004, 0.94299999999999995
0.94099999999999995, 0.91500000000000004, 0.94299999999999995
0.94122222222222218, 0.91500000000000004, 0.94299999999999995
0.94111111111111112, 0.91500000000000004, 0.94599999999999995
0.94133333333333336, 0.91600000000000004, 0.94699999999999995
0.94122222222222218, 0.91600000000000004, 0.94699999999999995
0.94133333333333336, 0.91700000000000004, 0.94699999999999995
0.94177777777777782, 0.91600000000000004, 0.94699999999999995
0.94266666666666665, 0.91400000000000003, 0.94699999999999995
0.94277777777777783, 0.91300000000000003, 0.94699999999999995
0.94288888888888889, 0.91200000000000003, 0.94699999999999995
0.94288888888888889, 0.91300000000000003, 0.94699999999999995
0.94322222222222218, 0.91300000000000003, 0.94799999999999995
0.94322222222222218, 0.91300000000000003, 0.94799999999999995
0.94333333333333336, 0.91400000000000003, 0.94799999999999995
0.94333333333333336, 0.91500000000000004, 0.94899999999999995
0.94366666666666665, 0.91400000000000003, 0.94899999999999995
0.94377777777777783, 0.91400000000000003, 0.94899999999999995
0.94411111111111112, 0.91400000000000003, 0.94999999999999996
0.94455555555555559, 0.91500000000000004, 0.94999999999999996
0.94477777777777783, 0.91500000000000004, 0.94999999999999996
0.94522222222222219, 0.91500000000000004, 0.94999999999999996
0.94533333333333336, 0.91500000000000004, 0.94999999999999996
0.94533333333333336, 0.91500000000000004, 0.94999999999999996
0.94522222222222219, 0.91500000000000004, 0.94899999999999995
0.94533333333333336, 0.91600000000000004, 0.94899999999999995
0.94488888888888889, 0.91600000000000004, 0.94899999999999995
0.94511111111111112, 0.91600000000000004, 0.94799999999999995
0.94533333333333336, 0.91700000000000004, 0.94899999999999995
0.94533333333333336, 0.91500000000000004, 0.94899999999999995
0.94533333333333336, 0.91500000000000004, 0.94899999999999995
0.94544444444444442, 0.91500000000000004, 0.94899999999999995
0.94544444444444442, 0.91600000000000004, 0.94799999999999995
0.94533333333333336, 0.91600000000000004, 0.94899999999999995
0.94533333333333336, 0.91600000000000004, 0.94899999999999995
0.94555555555555559, 0.91600000000000004, 0.94899999999999995
0.94555555555555559, 0.91600000000000004, 0.94899999999999995
0.94555555555555559, 0.91600000000000004, 0.94899999999999995
0.94566666666666666, 0.91600000000000004, 0.94899999999999995
0.94555555555555559, 0.91600000000000004, 0.94899999999999995
0.94599999999999995, 0.91700000000000004, 0.94999999999999996
